1598543419.223	118.750	31.950	665402.020380	3536279.123073	3.7429
1598543419.324	118.750	31.950	665401.965545	3536279.037951	3.7426
1598543419.423	118.750	31.950	665401.912307	3536278.953634	3.7424
1598543419.523	118.750	31.950	665401.858848	3536278.870099	3.7422
1598543419.623	118.750	31.950	665401.832176	3536278.828986	3.7422
1598543419.623	118.750	31.950	665401.804851	3536278.787070	3.7421
1598543419.723	118.750	31.950	665401.778132	3536278.746406	3.7420
1598543419.723	118.750	31.950	665401.751234	3536278.706113	3.7419
1598543419.823	118.750	31.950	665401.725394	3536278.665471	3.7419
1598543419.823	118.750	31.950	665401.700046	3536278.625893	3.7418
1598543419.923	118.750	31.950	665401.674674	3536278.586649	3.7418
1598543419.923	118.750	31.950	665401.649060	3536278.547279	3.7417
1598543420.023	118.750	31.950	665401.625135	3536278.510357	3.7416
1598543420.024	118.750	31.950	665401.599852	3536278.471253	3.7415
1598543420.123	118.750	31.950	665401.576240	3536278.435101	3.7414
1598543420.123	118.750	31.950	665401.551438	3536278.396363	3.7413
1598543420.223	118.750	31.950	665401.527428	3536278.358781	3.7412
1598543420.223	118.750	31.950	665401.503995	3536278.321475	3.7412
1598543420.323	118.750	31.950	665401.481975	3536278.287679	3.7411
1598543420.323	118.750	31.950	665401.459177	3536278.250792	3.7411
1598543420.423	118.750	31.950	665401.436701	3536278.216004	3.7411
1598543420.423	118.750	31.950	665401.414287	3536278.182943	3.7410
1598543420.523	118.750	31.950	665401.392268	3536278.150827	3.7408
1598543420.523	118.750	31.950	665401.371283	3536278.120225	3.7407
1598543420.623	118.750	31.950	665401.351411	3536278.090617	3.7407
1598543420.624	118.750	31.950	665401.332056	3536278.060585	3.7407
1598543420.723	118.750	31.950	665401.314401	3536278.032407	3.7406
1598543420.723	118.750	31.950	665401.297596	3536278.005940	3.7405
1598543420.823	118.750	31.950	665401.280797	3536277.980760	3.7404
1598543420.823	118.750	31.950	665401.264750	3536277.956907	3.7404
1598543420.923	118.750	31.950	665401.249343	3536277.933026	3.7403
1598543420.923	118.750	31.950	665401.235111	3536277.910724	3.7404
1598543421.023	118.750	31.950	665401.222710	3536277.891035	3.7403
1598543421.023	118.750	31.950	665401.210683	3536277.871470	3.7403
1598543421.123	118.750	31.950	665401.199156	3536277.852978	3.7403
1598543421.123	118.750	31.950	665401.185625	3536277.832231	3.7403
1598543421.223	118.750	31.950	665401.174362	3536277.814512	3.7403
1598543421.223	118.750	31.950	665401.164079	3536277.797629	3.7403
1598543421.323	118.750	31.950	665401.154056	3536277.781007	3.7403
1598543421.323	118.750	31.950	665401.144203	3536277.764451	3.7403
1598543421.423	118.750	31.950	665401.134157	3536277.747672	3.7403
1598543421.423	118.750	31.950	665401.123674	3536277.730928	3.7403
1598543421.523	118.750	31.950	665401.112587	3536277.713933	3.7403
1598543421.523	118.750	31.950	665401.101695	3536277.697243	3.7403
1598543421.623	118.750	31.950	665401.090407	3536277.679591	3.7403
1598543421.623	118.750	31.950	665401.078779	3536277.661149	3.7403
1598543421.723	118.750	31.950	665401.067518	3536277.643211	3.7403
1598543421.723	118.750	31.950	665401.055848	3536277.624912	3.7403
1598543421.823	118.750	31.950	665401.044000	3536277.606854	3.7403
1598543421.823	118.750	31.950	665401.031871	3536277.588212	3.7403
1598543421.923	118.750	31.950	665401.019444	3536277.568361	3.7402
1598543421.923	118.750	31.950	665401.007230	3536277.548573	3.7402
1598543422.023	118.750	31.950	665400.995473	3536277.530369	3.7402
1598543422.023	118.750	31.950	665400.983011	3536277.512026	3.7402
1598543422.123	118.750	31.950	665400.971026	3536277.493524	3.7402
1598543422.123	118.750	31.950	665400.959763	3536277.476782	3.7401
1598543422.223	118.750	31.950	665400.947047	3536277.456323	3.7401
1598543422.223	118.750	31.950	665400.935514	3536277.438209	3.7401
1598543422.323	118.750	31.950	665400.924224	3536277.420773	3.7401
1598543422.323	118.750	31.950	665400.912784	3536277.403641	3.7401
1598543422.423	118.750	31.950	665400.901728	3536277.386508	3.7400
1598543422.423	118.750	31.950	665400.890718	3536277.369463	3.7399
1598543422.523	118.750	31.950	665400.879571	3536277.352117	3.7398
1598543422.523	118.750	31.950	665400.868804	3536277.335468	3.7398
1598543422.623	118.750	31.950	665400.858316	3536277.318756	3.7397
1598543422.623	118.750	31.950	665400.847705	3536277.302220	3.7396
1598543422.723	118.750	31.950	665400.836930	3536277.285871	3.7395
1598543422.723	118.750	31.950	665400.826134	3536277.269198	3.7394
1598543422.823	118.750	31.950	665400.815882	3536277.253116	3.7393
1598543422.823	118.750	31.950	665400.805516	3536277.237329	3.7393
1598543422.923	118.750	31.950	665400.795012	3536277.221099	3.7392
1598543422.923	118.750	31.950	665400.784802	3536277.205239	3.7391
1598543423.023	118.750	31.950	665400.774348	3536277.189434	3.7391
1598543423.023	118.750	31.950	665400.764700	3536277.174529	3.7390
1598543423.123	118.750	31.950	665400.754802	3536277.159421	3.7389
1598543423.123	118.750	31.950	665400.746573	3536277.147055	3.7389
1598543423.223	118.750	31.950	665400.735601	3536277.130133	3.7389
1598543423.223	118.750	31.950	665400.726348	3536277.116476	3.7389
1598543423.323	118.750	31.950	665400.717903	3536277.103961	3.7389
1598543423.323	118.750	31.950	665400.710075	3536277.092441	3.7388
1598543423.423	118.750	31.950	665400.703128	3536277.081626	3.7388
1598543423.423	118.750	31.950	665400.696609	3536277.071144	3.7388
1598543423.523	118.750	31.950	665400.690202	3536277.061359	3.7388
1598543423.523	118.750	31.950	665400.684234	3536277.052246	3.7387
1598543423.623	118.750	31.950	665400.678530	3536277.043176	3.7387
1598543423.623	118.750	31.950	665400.672891	3536277.034522	3.7386
1598543423.723	118.750	31.950	665400.667372	3536277.025667	3.7386
1598543423.723	118.750	31.950	665400.662143	3536277.017036	3.7385
1598543423.823	118.750	31.950	665400.657390	3536277.009061	3.7385
1598543423.823	118.750	31.950	665400.652410	3536277.000822	3.7385
1598543423.923	118.750	31.950	665400.646979	3536276.992061	3.7384
1598543423.923	118.750	31.950	665400.641831	3536276.983420	3.7383
1598543424.023	118.750	31.950	665400.636520	3536276.974860	3.7383
1598543424.023	118.750	31.950	665400.631129	3536276.966297	3.7382
1598543424.123	118.750	31.950	665400.625284	3536276.956856	3.7382
1598543424.123	118.750	31.950	665400.619430	3536276.948203	3.7381
1598543424.223	118.750	31.950	665400.613018	3536276.936760	3.7380
1598543424.223	118.750	31.950	665400.607035	3536276.926416	3.7381
1598543424.323	118.750	31.950	665400.601141	3536276.916187	3.7381
1598543424.323	118.750	31.950	665400.595051	3536276.906093	3.7381
1598543424.423	118.750	31.950	665400.588971	3536276.896633	3.7381
1598543424.423	118.750	31.950	665400.583485	3536276.888139	3.7380
1598543424.523	118.750	31.950	665400.579114	3536276.880678	3.7380
1598543424.523	118.750	31.950	665400.574984	3536276.873560	3.7380
1598543424.623	118.750	31.950	665400.570846	3536276.866511	3.7380
1598543424.623	118.750	31.950	665400.567301	3536276.859956	3.7379
1598543424.723	118.750	31.950	665400.563966	3536276.854149	3.7378
1598543424.723	118.750	31.950	665400.561206	3536276.849106	3.7377
1598543424.823	118.750	31.950	665400.559079	3536276.845253	3.7377
1598543424.823	118.750	31.950	665400.557416	3536276.841707	3.7377
1598543424.923	118.750	31.950	665400.555634	3536276.838287	3.7376
1598543424.923	118.750	31.950	665400.554441	3536276.835817	3.7375
1598543425.023	118.750	31.950	665400.552944	3536276.832776	3.7375
1598543425.023	118.750	31.950	665400.551162	3536276.829438	3.7375
1598543425.123	118.750	31.950	665400.549226	3536276.825864	3.7375
1598543425.123	118.750	31.950	665400.545571	3536276.820081	3.7374
1598543425.223	118.750	31.950	665400.544680	3536276.817891	3.7373
1598543425.223	118.750	31.950	665400.541781	3536276.813099	3.7372
1598543425.323	118.750	31.950	665400.537894	3536276.807278	3.7372
1598543425.323	118.750	31.950	665400.533472	3536276.800542	3.7372
1598543425.423	118.750	31.950	665400.528255	3536276.792699	3.7371
1598543425.423	118.750	31.950	665400.522326	3536276.783950	3.7371
1598543425.523	118.750	31.950	665400.516000	3536276.774334	3.7371
1598543425.523	118.750	31.950	665400.509080	3536276.763802	3.7371
1598543425.623	118.750	31.950	665400.501548	3536276.752328	3.7370
1598543425.623	118.750	31.950	665400.494099	3536276.740615	3.7369
1598543425.723	118.750	31.950	665400.486326	3536276.728486	3.7369
1598543425.723	118.750	31.950	665400.477912	3536276.715447	3.7368
1598543425.823	118.750	31.950	665400.469772	3536276.702281	3.7368
1598543425.823	118.750	31.950	665400.461398	3536276.688414	3.7368
1598543425.923	118.750	31.950	665400.452886	3536276.673759	3.7368
1598543425.923	118.750	31.950	665400.443973	3536276.658478	3.7369
1598543426.023	118.750	31.950	665400.433829	3536276.642088	3.7369
1598543426.023	118.750	31.950	665400.423384	3536276.625883	3.7368
1598543426.123	118.750	31.950	665400.412704	3536276.608613	3.7367
1598543426.123	118.750	31.950	665400.401475	3536276.591443	3.7367
1598543426.223	118.750	31.950	665400.390416	3536276.571908	3.7367
1598543426.223	118.750	31.950	665400.378099	3536276.553013	3.7367
1598543426.323	118.750	31.950	665400.365061	3536276.533037	3.7367
1598543426.323	118.750	31.950	665400.351904	3536276.512624	3.7368
1598543426.423	118.750	31.950	665400.338259	3536276.491484	3.7369
1598543426.423	118.750	31.950	665400.324064	3536276.469110	3.7370
1598543426.523	118.750	31.950	665400.309655	3536276.447298	3.7370
1598543426.523	118.750	31.950	665400.294493	3536276.425098	3.7371
1598543426.623	118.750	31.950	665400.279043	3536276.402222	3.7372
1598543426.623	118.750	31.950	665400.264199	3536276.379407	3.7373
1598543426.723	118.750	31.950	665400.248981	3536276.356203	3.7374
1598543426.723	118.750	31.950	665400.233606	3536276.333097	3.7375
1598543426.823	118.750	31.950	665400.217874	3536276.309092	3.7376
1598543426.823	118.750	31.950	665400.201667	3536276.284417	3.7377
1598543426.923	118.750	31.950	665400.185727	3536276.260392	3.7378
1598543426.923	118.750	31.950	665400.169675	3536276.236207	3.7379
1598543427.023	118.750	31.950	665400.153433	3536276.212011	3.7380
1598543427.023	118.750	31.950	665400.137783	3536276.188035	3.7380
1598543427.123	118.750	31.950	665400.122536	3536276.164336	3.7380
1598543427.123	118.750	31.950	665400.107584	3536276.141520	3.7380
1598543427.223	118.750	31.950	665400.090378	3536276.115071	3.7380
1598543427.223	118.750	31.950	665400.074475	3536276.091281	3.7379
1598543427.323	118.750	31.950	665400.058723	3536276.067881	3.7379
1598543427.323	118.750	31.950	665400.043690	3536276.045165	3.7379
1598543427.423	118.750	31.950	665400.028614	3536276.022620	3.7379
1598543427.423	118.750	31.950	665400.014498	3536276.001437	3.7378
1598543427.523	118.750	31.950	665400.000930	3536275.981429	3.7378
1598543427.523	118.750	31.950	665399.987532	3536275.961772	3.7377
1598543427.623	118.750	31.950	665399.975363	3536275.942489	3.7376
1598543427.623	118.750	31.950	665399.963780	3536275.923784	3.7375
1598543427.723	118.750	31.950	665399.952201	3536275.904393	3.7375
1598543427.723	118.750	31.950	665399.941217	3536275.885940	3.7375
1598543427.823	118.750	31.950	665399.930836	3536275.868409	3.7374
1598543427.823	118.750	31.950	665399.920329	3536275.851593	3.7373
1598543427.923	118.750	31.950	665399.910294	3536275.835876	3.7372
1598543427.923	118.750	31.950	665399.900799	3536275.820508	3.7372
1598543428.023	118.750	31.950	665399.890768	3536275.804594	3.7372
1598543428.023	118.750	31.950	665399.881456	3536275.788356	3.7372
1598543428.123	118.750	31.950	665399.872377	3536275.772863	3.7372
1598543428.123	118.750	31.950	665399.862674	3536275.757343	3.7371
1598543428.223	118.750	31.950	665399.853513	3536275.741112	3.7370
1598543428.223	118.750	31.950	665399.844465	3536275.725784	3.7369
1598543428.323	118.750	31.950	665399.835776	3536275.711373	3.7369
1598543428.323	118.750	31.950	665399.826969	3536275.697033	3.7369
1598543428.423	118.750	31.950	665399.818430	3536275.683032	3.7368
1598543428.423	118.750	31.950	665399.809824	3536275.669728	3.7368
1598543428.523	118.750	31.950	665399.801748	3536275.656801	3.7367
1598543428.523	118.750	31.950	665399.793913	3536275.643844	3.7367
1598543428.623	118.750	31.950	665399.786375	3536275.631905	3.7367
1598543428.623	118.750	31.950	665399.779153	3536275.620774	3.7367
1598543428.723	118.750	31.950	665399.771906	3536275.609546	3.7367
1598543428.723	118.750	31.950	665399.765247	3536275.599140	3.7366
1598543428.823	118.750	31.950	665399.758600	3536275.588977	3.7366
1598543428.823	118.750	31.950	665399.751594	3536275.578361	3.7366
1598543428.923	118.750	31.950	665399.744840	3536275.567800	3.7366
1598543428.923	118.750	31.950	665399.738151	3536275.557629	3.7366
1598543429.023	118.750	31.950	665399.731380	3536275.547456	3.7365
1598543429.023	118.750	31.950	665399.725027	3536275.537591	3.7365
1598543429.123	118.750	31.950	665399.718485	3536275.527636	3.7364
1598543429.123	118.750	31.950	665399.711225	3536275.516740	3.7364
1598543429.223	118.750	31.950	665399.705054	3536275.506727	3.7364
1598543429.223	118.750	31.950	665399.698518	3536275.496132	3.7365
1598543429.323	118.750	31.950	665399.692114	3536275.485007	3.7364
1598543429.323	118.750	31.950	665399.685626	3536275.473558	3.7365
1598543429.423	118.750	31.950	665399.678405	3536275.461844	3.7364
1598543429.423	118.750	31.950	665399.671358	3536275.449790	3.7364
1598543429.523	118.750	31.950	665399.664607	3536275.438086	3.7363
1598543429.523	118.750	31.950	665399.657927	3536275.426299	3.7363
1598543429.623	118.750	31.950	665399.651451	3536275.415288	3.7363
1598543429.623	118.750	31.950	665399.645040	3536275.404655	3.7363
1598543429.723	118.750	31.950	665399.638670	3536275.394398	3.7363
1598543429.723	118.750	31.950	665399.632402	3536275.384833	3.7362
1598543429.823	118.750	31.950	665399.626242	3536275.375442	3.7362
1598543429.823	118.750	31.950	665399.620363	3536275.366196	3.7362
1598543429.923	118.750	31.950	665399.615129	3536275.357620	3.7362
1598543429.923	118.750	31.950	665399.610598	3536275.350233	3.7362
1598543430.022	118.750	31.950	665399.605745	3536275.342867	3.7362
1598543430.023	118.750	31.950	665399.600683	3536275.335975	3.7361
1598543430.123	118.750	31.950	665399.596322	3536275.329581	3.7362
1598543430.123	118.750	31.950	665399.593172	3536275.324476	3.7362
1598543430.223	118.750	31.950	665399.589442	3536275.318750	3.7362
1598543430.223	118.750	31.950	665399.586132	3536275.314273	3.7361
1598543430.323	118.750	31.950	665399.583278	3536275.310361	3.7361
1598543430.323	118.750	31.950	665399.580919	3536275.307051	3.7361
1598543430.423	118.750	31.950	665399.579129	3536275.304573	3.7362
1598543430.423	118.750	31.950	665399.578000	3536275.302675	3.7362
1598543430.522	118.750	31.950	665399.577359	3536275.301287	3.7362
1598543430.522	118.750	31.950	665399.577129	3536275.300489	3.7362
1598543430.623	118.750	31.950	665399.577157	3536275.300075	3.7361
1598543430.623	118.750	31.950	665399.577376	3536275.299855	3.7361
1598543430.722	118.750	31.950	665399.578083	3536275.300315	3.7361
1598543430.723	118.750	31.950	665399.578868	3536275.301045	3.7361
1598543430.822	118.750	31.950	665399.579500	3536275.302036	3.7361
1598543430.822	118.750	31.950	665399.580492	3536275.303230	3.7361
1598543430.923	118.750	31.950	665399.581817	3536275.304789	3.7361
1598543430.923	118.750	31.950	665399.583341	3536275.306812	3.7361
1598543431.023	118.750	31.950	665399.584656	3536275.308414	3.7361
1598543431.023	118.750	31.950	665399.585801	3536275.309682	3.7361
1598543431.123	118.750	31.950	665399.586874	3536275.310773	3.7361
1598543431.123	118.750	31.950	665399.587222	3536275.311151	3.7361
1598543431.222	118.750	31.950	665399.589208	3536275.313023	3.7361
1598543431.223	118.750	31.950	665399.590521	3536275.314471	3.7361
1598543431.323	118.750	31.950	665399.591785	3536275.315733	3.7361
1598543431.323	118.750	31.950	665399.592492	3536275.316139	3.7361
1598543431.423	118.750	31.950	665399.592689	3536275.315666	3.7361
1598543431.423	118.750	31.950	665399.592703	3536275.315146	3.7360
1598543431.522	118.750	31.950	665399.593020	3536275.315225	3.7360
1598543431.523	118.750	31.950	665399.593541	3536275.315645	3.7360
1598543431.623	118.750	31.950	665399.593974	3536275.315915	3.7360
1598543431.623	118.750	31.950	665399.594385	3536275.315981	3.7360
1598543431.722	118.750	31.950	665399.594499	3536275.315786	3.7360
1598543431.723	118.750	31.950	665399.594562	3536275.315412	3.7360
1598543431.822	118.750	31.950	665399.594481	3536275.315260	3.7360
1598543431.823	118.750	31.950	665399.594281	3536275.315017	3.7360
1598543431.923	118.750	31.950	665399.594314	3536275.315297	3.7359
1598543431.923	118.750	31.950	665399.594382	3536275.315809	3.7360
1598543432.023	118.750	31.950	665399.594237	3536275.316619	3.7359
1598543432.023	118.750	31.950	665399.593936	3536275.316772	3.7360
1598543432.122	118.750	31.950	665399.593897	3536275.316486	3.7359
1598543432.123	118.750	31.950	665399.593879	3536275.316702	3.7360
1598543432.222	118.750	31.950	665399.593928	3536275.316116	3.7359
1598543432.223	118.750	31.950	665399.594412	3536275.316728	3.7359
1598543432.323	118.750	31.950	665399.594631	3536275.317231	3.7359
1598543432.323	118.750	31.950	665399.594820	3536275.317683	3.7359
1598543432.422	118.750	31.950	665399.594851	3536275.317965	3.7359
1598543432.422	118.750	31.950	665399.594970	3536275.317819	3.7359
1598543432.522	118.750	31.950	665399.594707	3536275.318077	3.7359
1598543432.522	118.750	31.950	665399.594458	3536275.318587	3.7359
1598543432.623	118.750	31.950	665399.594461	3536275.318960	3.7359
1598543432.623	118.750	31.950	665399.594838	3536275.319325	3.7359
1598543432.722	118.750	31.950	665399.595253	3536275.319489	3.7358
1598543432.722	118.750	31.950	665399.595275	3536275.319964	3.7359
1598543432.822	118.750	31.950	665399.595375	3536275.319844	3.7359
1598543432.822	118.750	31.950	665399.595337	3536275.320522	3.7359
1598543432.922	118.750	31.950	665399.595649	3536275.321308	3.7359
1598543432.922	118.750	31.950	665399.596123	3536275.321923	3.7359
1598543433.022	118.750	31.950	665399.596275	3536275.322010	3.7358
1598543433.022	118.750	31.950	665399.595652	3536275.322208	3.7358
1598543433.122	118.750	31.950	665399.594777	3536275.322193	3.7358
1598543433.122	118.750	31.950	665399.594685	3536275.322661	3.7358
1598543433.222	118.750	31.950	665399.593972	3536275.322636	3.7358
1598543433.223	118.750	31.950	665399.593699	3536275.322438	3.7358
1598543433.323	118.750	31.950	665399.593076	3536275.322662	3.7358
1598543433.323	118.750	31.950	665399.592274	3536275.322900	3.7358
1598543433.422	118.750	31.950	665399.592096	3536275.322867	3.7358
1598543433.422	118.750	31.950	665399.592261	3536275.322417	3.7359
1598543433.522	118.750	31.950	665399.592173	3536275.322164	3.7359
1598543433.522	118.750	31.950	665399.592080	3536275.322058	3.7359
1598543433.622	118.750	31.950	665399.591888	3536275.322341	3.7359
1598543433.622	118.750	31.950	665399.591699	3536275.322205	3.7359
1598543433.722	118.750	31.950	665399.591820	3536275.321966	3.7359
1598543433.722	118.750	31.950	665399.592008	3536275.321642	3.7358
1598543433.822	118.750	31.950	665399.592208	3536275.321276	3.7358
1598543433.822	118.750	31.950	665399.592744	3536275.320886	3.7358
1598543433.922	118.750	31.950	665399.592989	3536275.320702	3.7358
1598543433.922	118.750	31.950	665399.593456	3536275.320594	3.7358
1598543434.023	118.750	31.950	665399.594179	3536275.320777	3.7358
1598543434.023	118.750	31.950	665399.594272	3536275.320678	3.7358
1598543434.122	118.750	31.950	665399.594343	3536275.320597	3.7358
1598543434.122	118.750	31.950	665399.594509	3536275.320626	3.7358
1598543434.222	118.750	31.950	665399.594354	3536275.320569	3.7358
1598543434.222	118.750	31.950	665399.594820	3536275.320164	3.7358
1598543434.322	118.750	31.950	665399.594877	3536275.320020	3.7358
1598543434.322	118.750	31.950	665399.594692	3536275.319940	3.7358
1598543434.422	118.750	31.950	665399.594575	3536275.319803	3.7358
1598543434.422	118.750	31.950	665399.595065	3536275.319734	3.7358
1598543434.522	118.750	31.950	665399.595126	3536275.319375	3.7359
1598543434.522	118.750	31.950	665399.595077	3536275.318868	3.7358
1598543434.622	118.750	31.950	665399.594875	3536275.318335	3.7358
1598543434.622	118.750	31.950	665399.594853	3536275.318280	3.7358
1598543434.722	118.750	31.950	665399.594837	3536275.318510	3.7358
1598543434.722	118.750	31.950	665399.594920	3536275.318749	3.7358
1598543434.822	118.750	31.950	665399.595141	3536275.318724	3.7358
1598543434.822	118.750	31.950	665399.595125	3536275.318436	3.7358
1598543434.922	118.750	31.950	665399.595330	3536275.318630	3.7358
1598543434.922	118.750	31.950	665399.595653	3536275.319090	3.7358
1598543435.022	118.750	31.950	665399.595822	3536275.319229	3.7358
1598543435.022	118.750	31.950	665399.595826	3536275.318557	3.7358
1598543435.122	118.750	31.950	665399.595483	3536275.317412	3.7358
1598543435.122	118.750	31.950	665399.595472	3536275.317302	3.7358
1598543435.222	118.750	31.950	665399.595099	3536275.315392	3.7358
1598543435.222	118.750	31.950	665399.595140	3536275.314323	3.7358
1598543435.322	118.750	31.950	665399.595404	3536275.314075	3.7358
1598543435.322	118.750	31.950	665399.595741	3536275.314024	3.7358
1598543435.422	118.750	31.950	665399.596058	3536275.313516	3.7357
1598543435.422	118.750	31.950	665399.596381	3536275.313463	3.7358
1598543435.522	118.750	31.950	665399.597129	3536275.313730	3.7358
1598543435.522	118.750	31.950	665399.597258	3536275.313582	3.7358
1598543435.622	118.750	31.950	665399.597654	3536275.313506	3.7358
1598543435.622	118.750	31.950	665399.597924	3536275.313632	3.7358
1598543435.722	118.750	31.950	665399.598407	3536275.313922	3.7358
1598543435.722	118.750	31.950	665399.598986	3536275.314261	3.7358
1598543435.822	118.750	31.950	665399.599291	3536275.314476	3.7358
1598543435.822	118.750	31.950	665399.599495	3536275.314491	3.7358
1598543435.922	118.750	31.950	665399.599719	3536275.314452	3.7358
1598543435.922	118.750	31.950	665399.600053	3536275.314410	3.7358
1598543436.022	118.750	31.950	665399.600114	3536275.314881	3.7358
1598543436.022	118.750	31.950	665399.600115	3536275.315166	3.7358
1598543436.122	118.750	31.950	665399.600331	3536275.314988	3.7358
1598543436.122	118.750	31.950	665399.600511	3536275.315093	3.7358
1598543436.222	118.750	31.950	665399.600818	3536275.314768	3.7358
1598543436.222	118.750	31.950	665399.601090	3536275.314745	3.7358
1598543436.322	118.750	31.950	665399.601293	3536275.314872	3.7358
1598543436.322	118.750	31.950	665399.601516	3536275.314937	3.7358
1598543436.422	118.750	31.950	665399.601551	3536275.315166	3.7358
1598543436.423	118.750	31.950	665399.601723	3536275.315490	3.7359
1598543436.522	118.750	31.950	665399.601990	3536275.315832	3.7359
1598543436.522	118.750	31.950	665399.602333	3536275.316145	3.7359
1598543436.622	118.750	31.950	665399.602859	3536275.316340	3.7359
1598543436.622	118.750	31.950	665399.603205	3536275.316426	3.7359
1598543436.722	118.750	31.950	665399.603668	3536275.316543	3.7359
1598543436.722	118.750	31.950	665399.604156	3536275.316780	3.7359
1598543436.822	118.750	31.950	665399.604434	3536275.316897	3.7359
1598543436.822	118.750	31.950	665399.605095	3536275.316842	3.7359
1598543436.922	118.750	31.950	665399.605783	3536275.317212	3.7359
1598543436.922	118.750	31.950	665399.606322	3536275.317611	3.7360
1598543437.022	118.750	31.950	665399.606921	3536275.317502	3.7360
1598543437.022	118.750	31.950	665399.607450	3536275.317417	3.7360
1598543437.122	118.750	31.950	665399.608313	3536275.317801	3.7360
1598543437.122	118.750	31.950	665399.608815	3536275.317992	3.7359
1598543437.222	118.750	31.950	665399.610029	3536275.318820	3.7359
1598543437.222	118.750	31.950	665399.610395	3536275.318970	3.7359
1598543437.322	118.750	31.950	665399.610575	3536275.318816	3.7360
1598543437.322	118.750	31.950	665399.610760	3536275.318537	3.7360
1598543437.422	118.750	31.950	665399.610778	3536275.318595	3.7360
1598543437.422	118.750	31.950	665399.610170	3536275.319009	3.7361
1598543437.522	118.750	31.950	665399.609945	3536275.319299	3.7360
1598543437.522	118.750	31.950	665399.609800	3536275.319420	3.7360
1598543437.622	118.750	31.950	665399.609364	3536275.319529	3.7360
1598543437.622	118.750	31.950	665399.608826	3536275.319927	3.7360
1598543437.722	118.750	31.950	665399.608762	3536275.320467	3.7360
1598543437.722	118.750	31.950	665399.608958	3536275.321104	3.7360
1598543437.822	118.750	31.950	665399.608824	3536275.321676	3.7360
1598543437.822	118.750	31.950	665399.608625	3536275.322191	3.7360
1598543437.922	118.750	31.950	665399.608628	3536275.322507	3.7360
1598543437.922	118.750	31.950	665399.608688	3536275.322770	3.7360
1598543438.022	118.750	31.950	665399.608891	3536275.322937	3.7360
1598543438.022	118.750	31.950	665399.609326	3536275.322985	3.7360
1598543438.122	118.750	31.950	665399.609280	3536275.323222	3.7360
1598543438.122	118.750	31.950	665399.609250	3536275.323524	3.7360
1598543438.222	118.750	31.950	665399.609543	3536275.323466	3.7359
1598543438.222	118.750	31.950	665399.609911	3536275.323467	3.7359
1598543438.322	118.750	31.950	665399.610229	3536275.323793	3.7359
1598543438.322	118.750	31.950	665399.610607	3536275.324157	3.7359
1598543438.422	118.750	31.950	665399.610983	3536275.324222	3.7359
1598543438.422	118.750	31.950	665399.610789	3536275.324449	3.7359
1598543438.522	118.750	31.950	665399.610870	3536275.324872	3.7360
1598543438.522	118.750	31.950	665399.611058	3536275.325265	3.7360
1598543438.622	118.750	31.950	665399.611231	3536275.325601	3.7360
1598543438.622	118.750	31.950	665399.611342	3536275.325856	3.7360
1598543438.722	118.750	31.950	665399.611357	3536275.326416	3.7360
1598543438.722	118.750	31.950	665399.611363	3536275.327072	3.7361
1598543438.822	118.750	31.950	665399.611683	3536275.327321	3.7361
1598543438.822	118.750	31.950	665399.611995	3536275.327150	3.7361
1598543438.922	118.750	31.950	665399.612302	3536275.326859	3.7361
1598543438.922	118.750	31.950	665399.612578	3536275.326647	3.7361
1598543439.022	118.750	31.950	665399.613082	3536275.326666	3.7361
1598543439.022	118.750	31.950	665399.613023	3536275.326633	3.7361
1598543439.122	118.750	31.950	665399.613075	3536275.326900	3.7362
1598543439.122	118.750	31.950	665399.613141	3536275.327020	3.7362
1598543439.222	118.750	31.950	665399.613533	3536275.326889	3.7362
1598543439.222	118.750	31.950	665399.613220	3536275.326821	3.7362
1598543439.322	118.750	31.950	665399.613114	3536275.326887	3.7362
1598543439.322	118.750	31.950	665399.613104	3536275.327028	3.7362
1598543439.422	118.750	31.950	665399.612994	3536275.327139	3.7363
1598543439.422	118.750	31.950	665399.612935	3536275.326769	3.7363
1598543439.522	118.750	31.950	665399.612846	3536275.325990	3.7363
1598543439.522	118.750	31.950	665399.612810	3536275.325172	3.7363
1598543439.622	118.750	31.950	665399.612665	3536275.324685	3.7363
1598543439.622	118.750	31.950	665399.612645	3536275.324441	3.7364
1598543439.722	118.750	31.950	665399.612940	3536275.324387	3.7364
1598543439.722	118.750	31.950	665399.613267	3536275.324228	3.7364
1598543439.822	118.750	31.950	665399.613603	3536275.324423	3.7364
1598543439.822	118.750	31.950	665399.613938	3536275.324266	3.7364
1598543439.922	118.750	31.950	665399.614278	3536275.324114	3.7364
1598543439.922	118.750	31.950	665399.614748	3536275.324076	3.7364
1598543440.022	118.750	31.950	665399.615030	3536275.324097	3.7364
1598543440.022	118.750	31.950	665399.615482	3536275.324294	3.7364
1598543440.122	118.750	31.950	665399.615860	3536275.324719	3.7364
1598543440.122	118.750	31.950	665399.615964	3536275.324775	3.7364
1598543440.222	118.750	31.950	665399.616437	3536275.325541	3.7364
1598543440.222	118.750	31.950	665399.616899	3536275.326226	3.7364
1598543440.322	118.750	31.950	665399.617338	3536275.326648	3.7365
1598543440.322	118.750	31.950	665399.617745	3536275.326993	3.7365
1598543440.422	118.750	31.950	665399.617877	3536275.327305	3.7365
1598543440.422	118.750	31.950	665399.617799	3536275.327664	3.7365
1598543440.522	118.750	31.950	665399.617867	3536275.327972	3.7366
1598543440.522	118.750	31.950	665399.618046	3536275.328186	3.7366
1598543440.622	118.750	31.950	665399.618027	3536275.328371	3.7366
1598543440.622	118.750	31.950	665399.618377	3536275.328373	3.7366
1598543440.722	118.750	31.950	665399.618738	3536275.328214	3.7366
1598543440.722	118.750	31.950	665399.619079	3536275.328050	3.7366
1598543440.822	118.750	31.950	665399.619413	3536275.327865	3.7366
1598543440.822	118.750	31.950	665399.619758	3536275.327778	3.7365
1598543440.922	118.750	31.950	665399.620407	3536275.327199	3.7365
1598543440.922	118.750	31.950	665399.621111	3536275.326547	3.7365
1598543441.022	118.750	31.950	665399.621365	3536275.325873	3.7365
1598543441.022	118.750	31.950	665399.621691	3536275.325777	3.7365
1598543441.122	118.750	31.950	665399.622003	3536275.325693	3.7365
1598543441.122	118.750	31.950	665399.622149	3536275.325564	3.7365
1598543441.222	118.750	31.950	665399.622776	3536275.325738	3.7365
1598543441.222	118.750	31.950	665399.623083	3536275.325841	3.7365
1598543441.322	118.750	31.950	665399.623420	3536275.325598	3.7365
1598543441.322	118.750	31.950	665399.623756	3536275.325443	3.7365
1598543441.422	118.750	31.950	665399.623902	3536275.324947	3.7365
1598543441.422	118.750	31.950	665399.624198	3536275.324787	3.7365
1598543441.522	118.750	31.950	665399.624529	3536275.324712	3.7365
1598543441.522	118.750	31.950	665399.624879	3536275.324618	3.7365
1598543441.622	118.750	31.950	665399.625179	3536275.324703	3.7366
1598543441.622	118.750	31.950	665399.625563	3536275.324767	3.7365
1598543441.722	118.750	31.950	665399.625767	3536275.324727	3.7365
1598543441.722	118.750	31.950	665399.626086	3536275.324687	3.7366
1598543441.822	118.750	31.950	665399.626435	3536275.324661	3.7366
1598543441.822	118.750	31.950	665399.626322	3536275.324531	3.7366
1598543441.922	118.750	31.950	665399.626607	3536275.324466	3.7366
1598543441.922	118.750	31.950	665399.626977	3536275.324423	3.7366
1598543442.022	118.750	31.950	665399.627277	3536275.324578	3.7366
1598543442.022	118.750	31.950	665399.627056	3536275.325252	3.7366
1598543442.122	118.750	31.950	665399.626977	3536275.325672	3.7366
1598543442.122	118.750	31.950	665399.626913	3536275.325863	3.7366
1598543442.222	118.750	31.950	665399.627546	3536275.326550	3.7366
1598543442.222	118.750	31.950	665399.628121	3536275.326705	3.7366
1598543442.322	118.750	31.950	665399.628524	3536275.326461	3.7366
1598543442.322	118.750	31.950	665399.628887	3536275.326341	3.7366
1598543442.422	118.750	31.950	665399.629561	3536275.326452	3.7366
1598543442.422	118.750	31.950	665399.629874	3536275.326712	3.7366
1598543442.522	118.750	31.950	665399.630376	3536275.326700	3.7366
1598543442.522	118.750	31.950	665399.630947	3536275.326693	3.7366
1598543442.622	118.750	31.950	665399.631528	3536275.326128	3.7366
1598543442.622	118.750	31.950	665399.632218	3536275.325842	3.7366
1598543442.722	118.750	31.950	665399.632564	3536275.326154	3.7366
1598543442.722	118.750	31.950	665399.632816	3536275.326596	3.7366
1598543442.822	118.750	31.950	665399.633347	3536275.327020	3.7366
1598543442.822	118.750	31.950	665399.633990	3536275.327237	3.7366
1598543442.922	118.750	31.950	665399.634541	3536275.327383	3.7365
1598543442.922	118.750	31.950	665399.635003	3536275.327539	3.7365
1598543443.022	118.750	31.950	665399.635352	3536275.327468	3.7365
1598543443.022	118.750	31.950	665399.635471	3536275.327849	3.7365
1598543443.122	118.750	31.950	665399.635555	3536275.328408	3.7365
1598543443.122	118.750	31.950	665399.635690	3536275.328728	3.7365
1598543443.222	118.750	31.950	665399.636106	3536275.329244	3.7365
1598543443.222	118.750	31.950	665399.636312	3536275.329895	3.7364
1598543443.322	118.750	31.950	665399.636415	3536275.330438	3.7364
1598543443.322	118.750	31.950	665399.636553	3536275.330899	3.7364
1598543443.422	118.750	31.950	665399.636542	3536275.331087	3.7364
1598543443.422	118.750	31.950	665399.636099	3536275.331076	3.7364
1598543443.522	118.750	31.950	665399.635747	3536275.331098	3.7364
1598543443.522	118.750	31.950	665399.635481	3536275.331106	3.7365
1598543443.622	118.750	31.950	665399.635042	3536275.331069	3.7365
1598543443.622	118.750	31.950	665399.634586	3536275.331297	3.7365
1598543443.722	118.750	31.950	665399.634697	3536275.331491	3.7365
1598543443.722	118.750	31.950	665399.634386	3536275.331786	3.7365
1598543443.822	118.750	31.950	665399.634508	3536275.331802	3.7365
1598543443.822	118.750	31.950	665399.634919	3536275.331521	3.7365
1598543443.922	118.750	31.950	665399.635758	3536275.331464	3.7365
1598543443.922	118.750	31.950	665399.636552	3536275.331594	3.7365
1598543444.022	118.750	31.950	665399.636844	3536275.331646	3.7365
1598543444.022	118.750	31.950	665399.637206	3536275.331420	3.7365
1598543444.122	118.750	31.950	665399.637573	3536275.331190	3.7365
1598543444.122	118.750	31.950	665399.637610	3536275.331295	3.7365
1598543444.222	118.750	31.950	665399.638253	3536275.331050	3.7365
1598543444.222	118.750	31.950	665399.639019	3536275.331272	3.7365
1598543444.322	118.750	31.950	665399.639652	3536275.331362	3.7365
1598543444.322	118.750	31.950	665399.640031	3536275.331255	3.7365
1598543444.422	118.750	31.950	665399.640753	3536275.331272	3.7365
1598543444.422	118.750	31.950	665399.641570	3536275.331484	3.7365
1598543444.522	118.750	31.950	665399.642183	3536275.331599	3.7365
1598543444.522	118.750	31.950	665399.642901	3536275.331706	3.7365
1598543444.622	118.750	31.950	665399.643321	3536275.332019	3.7365
1598543444.622	118.750	31.950	665399.643575	3536275.332480	3.7365
1598543444.722	118.750	31.950	665399.643472	3536275.332881	3.7365
1598543444.722	118.750	31.950	665399.643337	3536275.333338	3.7365
1598543444.822	118.750	31.950	665399.643346	3536275.333742	3.7365
1598543444.822	118.750	31.950	665399.643591	3536275.334079	3.7365
1598543444.922	118.750	31.950	665399.644023	3536275.334702	3.7365
1598543444.922	118.750	31.950	665399.644412	3536275.335410	3.7366
1598543445.022	118.750	31.950	665399.644783	3536275.335415	3.7365
1598543445.022	118.750	31.950	665399.645138	3536275.335289	3.7365
1598543445.122	118.750	31.950	665399.644846	3536275.335706	3.7365
1598543445.122	118.750	31.950	665399.644861	3536275.336085	3.7366
1598543445.222	118.750	31.950	665399.643817	3536275.336773	3.7366
1598543445.222	118.750	31.950	665399.643486	3536275.337138	3.7366
1598543445.322	118.750	31.950	665399.643578	3536275.337106	3.7366
1598543445.322	118.750	31.950	665399.643682	3536275.336871	3.7366
1598543445.422	118.750	31.950	665399.644011	3536275.336716	3.7366
1598543445.422	118.750	31.950	665399.644650	3536275.336553	3.7366
1598543445.522	118.750	31.950	665399.645094	3536275.336674	3.7366
1598543445.522	118.750	31.950	665399.645541	3536275.336763	3.7366
1598543445.622	118.750	31.950	665399.646106	3536275.336798	3.7366
1598543445.622	118.750	31.950	665399.646764	3536275.336723	3.7366
1598543445.722	118.750	31.950	665399.647231	3536275.336996	3.7366
1598543445.722	118.750	31.950	665399.647748	3536275.337296	3.7366
1598543445.822	118.750	31.950	665399.648077	3536275.337545	3.7366
1598543445.822	118.750	31.950	665399.648257	3536275.337959	3.7366
