1598544338.620	118.758	31.971	666117.648940	3538539.798275	6.2541
1598544338.720	118.758	31.971	666117.637301	3538540.101880	6.2541
1598544338.820	118.758	31.971	666117.628153	3538540.400386	6.2538
1598544338.920	118.758	31.971	666117.616026	3538540.688339	6.2537
1598544339.020	118.758	31.971	666117.609055	3538540.824879	6.2537
1598544339.020	118.758	31.971	666117.603872	3538540.961045	6.2537
1598544339.120	118.758	31.971	666117.597636	3538541.101912	6.2537
1598544339.120	118.758	31.971	666117.592352	3538541.234658	6.2536
1598544339.220	118.758	31.971	666117.587075	3538541.365557	6.2535
1598544339.220	118.758	31.971	666117.581512	3538541.497458	6.2533
1598544339.320	118.758	31.971	666117.576027	3538541.625359	6.2532
1598544339.320	118.758	31.971	666117.570746	3538541.751402	6.2531
1598544339.420	118.758	31.971	666117.565441	3538541.879194	6.2529
1598544339.420	118.758	31.971	666117.560371	3538542.004002	6.2529
1598544339.520	118.758	31.971	666117.555170	3538542.128558	6.2529
1598544339.520	118.758	31.971	666117.549930	3538542.255039	6.2528
1598544339.620	118.758	31.971	666117.545838	3538542.379216	6.2526
1598544339.620	118.758	31.971	666117.541185	3538542.503145	6.2523
1598544339.720	118.758	31.971	666117.536218	3538542.629328	6.2521
1598544339.720	118.758	31.971	666117.531580	3538542.751198	6.2520
1598544339.820	118.758	31.971	666117.526123	3538542.874925	6.2520
1598544339.820	118.758	31.971	666117.520743	3538542.999551	6.2520
1598544339.920	118.758	31.971	666117.516492	3538543.121665	6.2519
1598544339.920	118.758	31.971	666117.512485	3538543.243490	6.2516
1598544340.020	118.758	31.971	666117.508022	3538543.367810	6.2513
1598544340.020	118.758	31.971	666117.502971	3538543.489314	6.2510
1598544340.120	118.758	31.971	666117.497689	3538543.613579	6.2509
1598544340.120	118.758	31.971	666117.492467	3538543.734870	6.2508
1598544340.220	118.758	31.971	666117.487404	3538543.856005	6.2506
1598544340.220	118.758	31.971	666117.482172	3538543.979426	6.2505
1598544340.320	118.758	31.971	666117.477470	3538544.099984	6.2503
1598544340.320	118.758	31.971	666117.472536	3538544.220524	6.2503
1598544340.420	118.758	31.971	666117.467371	3538544.343160	6.2501
1598544340.420	118.758	31.971	666117.462888	3538544.462749	6.2498
1598544340.520	118.758	31.971	666117.458422	3538544.582551	6.2496
1598544340.520	118.758	31.971	666117.452954	3538544.704399	6.2494
1598544340.620	118.758	31.971	666117.447615	3538544.822183	6.2494
1598544340.620	118.758	31.971	666117.442917	3538544.939250	6.2493
1598544340.720	118.758	31.971	666117.438467	3538545.058457	6.2493
1598544340.720	118.758	31.971	666117.434280	3538545.174497	6.2492
1598544340.820	118.758	31.971	666117.430011	3538545.289780	6.2491
1598544340.820	118.758	31.971	666117.425513	3538545.405842	6.2490
1598544340.920	118.758	31.971	666117.421721	3538545.516892	6.2489
1598544340.920	118.758	31.971	666117.418318	3538545.626581	6.2487
1598544341.020	118.758	31.971	666117.413813	3538545.737610	6.2486
1598544341.020	118.758	31.971	666117.409461	3538545.844594	6.2485
1598544341.120	118.758	31.971	666117.404897	3538545.950606	6.2484
1598544341.120	118.758	31.971	666117.400491	3538546.058758	6.2483
1598544341.220	118.758	31.971	666117.395017	3538546.161223	6.2481
1598544341.220	118.758	31.971	666117.390149	3538546.263429	6.2480
1598544341.320	118.758	31.971	666117.385831	3538546.366612	6.2480
1598544341.320	118.758	31.971	666117.381804	3538546.466167	6.2480
1598544341.420	118.758	31.971	666117.377283	3538546.563964	6.2479
1598544341.420	118.758	31.971	666117.371964	3538546.662004	6.2477
1598544341.520	118.758	31.971	666117.366731	3538546.755880	6.2475
1598544341.520	118.758	31.971	666117.361547	3538546.846127	6.2473
1598544341.620	118.758	31.971	666117.355983	3538546.936021	6.2473
1598544341.620	118.758	31.971	666117.350652	3538547.025335	6.2473
1598544341.720	118.758	31.971	666117.346929	3538547.114890	6.2474
1598544341.720	118.758	31.971	666117.344230	3538547.200309	6.2473
1598544341.820	118.758	31.971	666117.341133	3538547.282374	6.2471
1598544341.820	118.758	31.971	666117.338261	3538547.364332	6.2469
1598544341.920	118.758	31.971	666117.335157	3538547.442332	6.2468
1598544341.920	118.758	31.971	666117.331458	3538547.517942	6.2469
1598544342.020	118.758	31.971	666117.328305	3538547.592111	6.2469
1598544342.020	118.758	31.971	666117.325826	3538547.662694	6.2469
1598544342.120	118.758	31.971	666117.323385	3538547.730687	6.2467
1598544342.120	118.758	31.971	666117.320464	3538547.797805	6.2465
1598544342.220	118.758	31.971	666117.317649	3538547.860973	6.2464
1598544342.220	118.758	31.971	666117.316900	3538547.919645	6.2465
1598544342.320	118.758	31.971	666117.315414	3538547.978241	6.2464
1598544342.320	118.758	31.971	666117.313243	3538548.033356	6.2463
1598544342.420	118.758	31.971	666117.310466	3538548.086346	6.2462
1598544342.420	118.758	31.971	666117.307952	3538548.138311	6.2463
1598544342.520	118.758	31.971	666117.305855	3538548.188053	6.2462
1598544342.520	118.758	31.971	666117.304061	3538548.235778	6.2462
1598544342.620	118.758	31.971	666117.302665	3538548.283791	6.2461
1598544342.620	118.758	31.971	666117.301417	3538548.330697	6.2460
1598544342.720	118.758	31.971	666117.300088	3538548.377787	6.2459
1598544342.720	118.758	31.971	666117.298542	3538548.424995	6.2458
1598544342.820	118.758	31.971	666117.296513	3538548.471177	6.2457
1598544342.820	118.758	31.971	666117.294742	3538548.517967	6.2455
1598544342.920	118.758	31.971	666117.292691	3538548.566202	6.2454
1598544342.920	118.758	31.971	666117.290610	3538548.613492	6.2454
1598544343.020	118.758	31.971	666117.288655	3538548.661890	6.2455
1598544343.020	118.758	31.971	666117.286769	3538548.708502	6.2456
1598544343.120	118.758	31.971	666117.285662	3538548.754043	6.2455
1598544343.120	118.758	31.971	666117.284582	3538548.796204	6.2454
1598544343.220	118.758	31.971	666117.282675	3538548.843627	6.2452
1598544343.220	118.758	31.971	666117.279836	3538548.887334	6.2452
1598544343.320	118.758	31.971	666117.277059	3538548.930014	6.2453
1598544343.320	118.758	31.971	666117.274775	3538548.969100	6.2453
1598544343.420	118.758	31.971	666117.272717	3538549.008000	6.2452
1598544343.420	118.758	31.971	666117.270770	3538549.046205	6.2449
1598544343.520	118.758	31.971	666117.269225	3538549.081677	6.2448
1598544343.520	118.758	31.971	666117.267464	3538549.115600	6.2449
1598544343.620	118.758	31.971	666117.265556	3538549.149027	6.2450
1598544343.620	118.758	31.971	666117.263234	3538549.180572	6.2450
1598544343.720	118.758	31.971	666117.261454	3538549.210997	6.2448
1598544343.720	118.758	31.971	666117.259889	3538549.240341	6.2447
1598544343.820	118.758	31.971	666117.257903	3538549.267778	6.2446
1598544343.820	118.758	31.971	666117.255851	3538549.293861	6.2446
1598544343.920	118.758	31.971	666117.254077	3538549.318922	6.2446
1598544343.920	118.758	31.971	666117.252797	3538549.340588	6.2447
1598544344.020	118.758	31.971	666117.251314	3538549.361794	6.2447
1598544344.020	118.758	31.971	666117.249355	3538549.385728	6.2445
1598544344.120	118.758	31.971	666117.247570	3538549.404232	6.2445
1598544344.120	118.758	31.971	666117.246297	3538549.417258	6.2445
1598544344.220	118.758	31.971	666117.244205	3538549.433486	6.2444
1598544344.220	118.758	31.971	666117.243142	3538549.443577	6.2444
1598544344.320	118.758	31.971	666117.242616	3538549.449971	6.2444
1598544344.320	118.758	31.971	666117.242273	3538549.453314	6.2444
1598544344.420	118.758	31.971	666117.242168	3538549.453700	6.2444
1598544344.420	118.758	31.971	666117.242213	3538549.453330	6.2444
1598544344.520	118.758	31.971	666117.241969	3538549.452109	6.2443
1598544344.520	118.758	31.971	666117.241926	3538549.448167	6.2443
1598544344.620	118.758	31.971	666117.242039	3538549.441938	6.2443
1598544344.620	118.758	31.971	666117.242559	3538549.433915	6.2444
1598544344.720	118.758	31.971	666117.243496	3538549.425565	6.2444
1598544344.720	118.758	31.971	666117.244418	3538549.415737	6.2443
1598544344.820	118.758	31.971	666117.244939	3538549.407803	6.2442
1598544344.820	118.758	31.971	666117.245479	3538549.401987	6.2442
1598544344.920	118.758	31.971	666117.246327	3538549.397314	6.2442
1598544344.920	118.758	31.971	666117.247205	3538549.393629	6.2442
1598544345.020	118.758	31.971	666117.248151	3538549.390491	6.2441
1598544345.020	118.758	31.971	666117.248797	3538549.387255	6.2441
1598544345.120	118.758	31.971	666117.248947	3538549.385045	6.2441
1598544345.120	118.758	31.971	666117.249692	3538549.381334	6.2441
1598544345.220	118.758	31.971	666117.249010	3538549.383297	6.2441
1598544345.220	118.758	31.971	666117.249085	3538549.383750	6.2441
1598544345.320	118.758	31.971	666117.248996	3538549.384569	6.2440
1598544345.320	118.758	31.971	666117.248873	3538549.385240	6.2440
1598544345.420	118.758	31.971	666117.248779	3538549.385728	6.2440
1598544345.420	118.758	31.971	666117.248588	3538549.386340	6.2439
1598544345.520	118.758	31.971	666117.248628	3538549.387225	6.2438
1598544345.520	118.758	31.971	666117.248697	3538549.388239	6.2438
1598544345.620	118.758	31.971	666117.248775	3538549.389414	6.2437
1598544345.620	118.758	31.971	666117.249063	3538549.390624	6.2437
1598544345.720	118.758	31.971	666117.249366	3538549.391487	6.2436
1598544345.720	118.758	31.971	666117.249594	3538549.392187	6.2435
1598544345.820	118.758	31.971	666117.249785	3538549.392806	6.2435
1598544345.820	118.758	31.971	666117.249762	3538549.393511	6.2434
1598544345.920	118.758	31.971	666117.249895	3538549.393893	6.2433
1598544345.920	118.758	31.971	666117.250005	3538549.394189	6.2432
1598544346.020	118.758	31.971	666117.250172	3538549.394513	6.2432
1598544346.020	118.758	31.971	666117.250311	3538549.394734	6.2431
1598544346.120	118.758	31.971	666117.250514	3538549.394948	6.2431
1598544346.120	118.758	31.971	666117.251041	3538549.395027	6.2431
1598544346.220	118.758	31.971	666117.250839	3538549.395423	6.2430
1598544346.220	118.758	31.971	666117.250786	3538549.395799	6.2430
1598544346.320	118.758	31.971	666117.250820	3538549.396307	6.2429
1598544346.320	118.758	31.971	666117.250802	3538549.396883	6.2429
1598544346.420	118.758	31.971	666117.250769	3538549.397356	6.2428
1598544346.420	118.758	31.971	666117.250918	3538549.397775	6.2428
1598544346.520	118.758	31.971	666117.250805	3538549.397825	6.2428
1598544346.520	118.758	31.971	666117.250556	3538549.397968	6.2428
1598544346.620	118.758	31.971	666117.250420	3538549.398299	6.2427
1598544346.620	118.758	31.971	666117.250412	3538549.398739	6.2427
1598544346.720	118.758	31.971	666117.250545	3538549.398677	6.2427
1598544346.720	118.758	31.971	666117.250661	3538549.398516	6.2427
1598544346.820	118.758	31.971	666117.250824	3538549.398679	6.2426
1598544346.820	118.758	31.971	666117.250842	3538549.399041	6.2426
1598544346.920	118.758	31.971	666117.250644	3538549.399641	6.2426
1598544346.920	118.758	31.971	666117.250634	3538549.400069	6.2426
1598544347.020	118.758	31.971	666117.250719	3538549.400157	6.2426
1598544347.020	118.758	31.971	666117.250706	3538549.400495	6.2425
1598544347.120	118.758	31.971	666117.250681	3538549.400857	6.2425
1598544347.120	118.758	31.971	666117.251021	3538549.401061	6.2426
