1598544269.320	118.758	31.968	666074.362648	3538256.025631	0.2690
1598544269.420	118.758	31.968	666074.395863	3538256.162238	0.2694
1598544269.520	118.758	31.968	666074.431487	3538256.295921	0.2697
1598544269.620	118.758	31.968	666074.468375	3538256.432185	0.2695
1598544269.720	118.758	31.968	666074.487603	3538256.501680	0.2696
1598544269.720	118.758	31.968	666074.507058	3538256.572764	0.2698
1598544269.820	118.758	31.968	666074.525658	3538256.640088	0.2701
1598544269.820	118.758	31.968	666074.544412	3538256.707186	0.2703
1598544269.920	118.758	31.968	666074.563594	3538256.774460	0.2704
1598544269.920	118.758	31.968	666074.582934	3538256.840588	0.2704
1598544270.020	118.758	31.968	666074.601583	3538256.907052	0.2704
1598544270.020	118.758	31.968	666074.620416	3538256.975274	0.2704
1598544270.120	118.758	31.968	666074.640561	3538257.041179	0.2703
1598544270.120	118.758	31.968	666074.658262	3538257.107232	0.2702
1598544270.220	118.758	31.968	666074.678367	3538257.173849	0.2701
1598544270.220	118.758	31.968	666074.697528	3538257.239825	0.2702
1598544270.320	118.758	31.968	666074.715503	3538257.306312	0.2704
1598544270.320	118.758	31.968	666074.734342	3538257.373182	0.2706
1598544270.420	118.758	31.968	666074.752154	3538257.437469	0.2706
1598544270.420	118.758	31.968	666074.768069	3538257.501643	0.2705
1598544270.520	118.758	31.968	666074.782518	3538257.568014	0.2702
1598544270.520	118.758	31.968	666074.795750	3538257.633008	0.2701
1598544270.620	118.758	31.968	666074.809538	3538257.696822	0.2700
1598544270.620	118.758	31.968	666074.823795	3538257.761772	0.2699
1598544270.720	118.758	31.968	666074.838773	3538257.824738	0.2698
1598544270.720	118.758	31.968	666074.854345	3538257.887499	0.2697
1598544270.820	118.758	31.968	666074.871211	3538257.951408	0.2697
1598544270.820	118.758	31.968	666074.887240	3538258.012847	0.2696
1598544270.920	118.758	31.968	666074.902776	3538258.073320	0.2696
1598544270.920	118.758	31.968	666074.919559	3538258.135369	0.2694
1598544271.020	118.758	31.968	666074.936094	3538258.195142	0.2692
1598544271.020	118.758	31.968	666074.951110	3538258.254650	0.2694
1598544271.120	118.758	31.968	666074.967015	3538258.315430	0.2696
1598544271.120	118.758	31.968	666074.981319	3538258.374726	0.2698
1598544271.220	118.758	31.968	666075.003342	3538258.434058	0.2698
1598544271.220	118.758	31.968	666075.022191	3538258.491112	0.2697
1598544271.320	118.758	31.968	666075.038547	3538258.549267	0.2696
1598544271.321	118.758	31.968	666075.054431	3538258.608396	0.2697
1598544271.420	118.758	31.968	666075.068737	3538258.665898	0.2699
1598544271.420	118.758	31.968	666075.083488	3538258.721457	0.2700
1598544271.520	118.758	31.968	666075.098732	3538258.777293	0.2699
1598544271.520	118.758	31.968	666075.113483	3538258.831850	0.2698
1598544271.620	118.758	31.968	666075.128125	3538258.885018	0.2698
1598544271.620	118.758	31.968	666075.142575	3538258.938652	0.2702
1598544271.720	118.758	31.968	666075.157469	3538258.990072	0.2707
1598544271.720	118.758	31.968	666075.172983	3538259.040761	0.2709
1598544271.820	118.758	31.968	666075.188933	3538259.092368	0.2710
1598544271.820	118.758	31.968	666075.204184	3538259.142000	0.2710
1598544271.920	118.758	31.968	666075.219966	3538259.191235	0.2711
1598544271.920	118.758	31.968	666075.236473	3538259.240779	0.2713
1598544272.020	118.758	31.968	666075.251622	3538259.288549	0.2715
1598544272.020	118.758	31.968	666075.265843	3538259.335222	0.2716
1598544272.120	118.758	31.968	666075.279353	3538259.383059	0.2716
1598544272.120	118.758	31.968	666075.292484	3538259.428494	0.2716
1598544272.220	118.758	31.968	666075.303398	3538259.473567	0.2718
1598544272.220	118.758	31.968	666075.311367	3538259.519543	0.2723
1598544272.320	118.758	31.968	666075.320257	3538259.563734	0.2725
1598544272.320	118.758	31.968	666075.328857	3538259.606968	0.2727
1598544272.420	118.758	31.968	666075.337372	3538259.650647	0.2727
1598544272.420	118.758	31.968	666075.345647	3538259.691309	0.2728
1598544272.520	118.758	31.968	666075.354665	3538259.731810	0.2730
1598544272.520	118.758	31.968	666075.364678	3538259.772354	0.2733
1598544272.620	118.758	31.968	666075.375505	3538259.810897	0.2735
1598544272.620	118.758	31.968	666075.386428	3538259.849628	0.2735
1598544272.720	118.758	31.968	666075.396933	3538259.888498	0.2735
1598544272.720	118.758	31.968	666075.407489	3538259.927982	0.2736
1598544272.820	118.758	31.968	666075.417706	3538259.967252	0.2737
1598544272.820	118.758	31.968	666075.427428	3538260.005653	0.2738
1598544272.920	118.758	31.968	666075.437699	3538260.044828	0.2739
1598544272.921	118.758	31.968	666075.448863	3538260.085578	0.2739
1598544273.020	118.758	31.968	666075.459405	3538260.124463	0.2740
1598544273.020	118.758	31.968	666075.469278	3538260.164408	0.2741
1598544273.120	118.758	31.968	666075.479534	3538260.205718	0.2742
1598544273.120	118.758	31.968	666075.489716	3538260.246568	0.2742
1598544273.220	118.758	31.968	666075.501649	3538260.289490	0.2744
1598544273.220	118.758	31.968	666075.513582	3538260.333273	0.2745
1598544273.320	118.758	31.968	666075.524188	3538260.375579	0.2746
1598544273.320	118.758	31.968	666075.534911	3538260.417931	0.2746
1598544273.420	118.758	31.968	666075.546824	3538260.461670	0.2746
1598544273.420	118.758	31.968	666075.558157	3538260.504425	0.2745
1598544273.520	118.758	31.968	666075.568438	3538260.547711	0.2745
1598544273.520	118.758	31.968	666075.578255	3538260.590649	0.2747
1598544273.620	118.758	31.968	666075.589190	3538260.634668	0.2748
1598544273.620	118.758	31.968	666075.601799	3538260.679405	0.2750
1598544273.720	118.758	31.968	666075.613999	3538260.724929	0.2750
1598544273.720	118.758	31.968	666075.625514	3538260.769976	0.2750
1598544273.820	118.758	31.968	666075.637575	3538260.814733	0.2749
1598544273.820	118.758	31.968	666075.650576	3538260.859892	0.2749
1598544273.920	118.758	31.968	666075.663617	3538260.903247	0.2749
1598544273.920	118.758	31.968	666075.676893	3538260.946781	0.2750
1598544274.020	118.758	31.968	666075.689126	3538260.988051	0.2752
1598544274.020	118.758	31.968	666075.701505	3538261.029182	0.2754
1598544274.120	118.758	31.968	666075.715063	3538261.070047	0.2754
1598544274.120	118.758	31.968	666075.726699	3538261.109735	0.2753
1598544274.220	118.758	31.968	666075.740790	3538261.147968	0.2751
1598544274.220	118.758	31.968	666075.751734	3538261.186799	0.2750
1598544274.320	118.758	31.968	666075.761315	3538261.223687	0.2751
1598544274.320	118.758	31.968	666075.770659	3538261.260050	0.2752
1598544274.420	118.758	31.968	666075.781027	3538261.296724	0.2753
1598544274.420	118.758	31.968	666075.791872	3538261.331625	0.2753
1598544274.520	118.758	31.968	666075.802350	3538261.365901	0.2752
1598544274.520	118.758	31.968	666075.811681	3538261.399307	0.2751
1598544274.620	118.758	31.968	666075.820728	3538261.433800	0.2752
1598544274.620	118.758	31.968	666075.829595	3538261.469643	0.2753
1598544274.720	118.758	31.968	666075.838591	3538261.505687	0.2754
1598544274.720	118.758	31.968	666075.847360	3538261.540705	0.2754
1598544274.820	118.758	31.968	666075.855817	3538261.575983	0.2754
1598544274.820	118.758	31.968	666075.865499	3538261.611013	0.2755
1598544274.920	118.758	31.968	666075.875953	3538261.645178	0.2756
1598544274.920	118.758	31.968	666075.886737	3538261.679199	0.2756
1598544275.020	118.758	31.968	666075.896607	3538261.714596	0.2756
1598544275.020	118.758	31.968	666075.905653	3538261.749093	0.2755
1598544275.120	118.758	31.968	666075.914590	3538261.782718	0.2755
1598544275.120	118.758	31.968	666075.922768	3538261.814227	0.2754
1598544275.220	118.758	31.968	666075.932301	3538261.849191	0.2755
1598544275.220	118.758	31.968	666075.939601	3538261.882108	0.2755
1598544275.320	118.758	31.968	666075.946161	3538261.913541	0.2755
1598544275.320	118.758	31.968	666075.951863	3538261.943310	0.2755
1598544275.420	118.758	31.968	666075.957540	3538261.971974	0.2755
1598544275.420	118.758	31.968	666075.963188	3538261.998927	0.2755
1598544275.520	118.758	31.968	666075.968865	3538262.024047	0.2756
1598544275.520	118.758	31.968	666075.974445	3538262.047579	0.2756
1598544275.620	118.758	31.968	666075.979954	3538262.070946	0.2756
1598544275.620	118.758	31.968	666075.985017	3538262.094070	0.2758
1598544275.720	118.758	31.968	666075.990112	3538262.117118	0.2758
1598544275.720	118.758	31.968	666075.995220	3538262.138314	0.2759
1598544275.820	118.758	31.968	666076.001083	3538262.158762	0.2760
1598544275.820	118.758	31.968	666076.008253	3538262.178675	0.2761
1598544275.920	118.758	31.968	666076.015511	3538262.198971	0.2761
1598544275.920	118.758	31.968	666076.023040	3538262.218866	0.2762
1598544276.020	118.758	31.968	666076.029800	3538262.240688	0.2762
1598544276.020	118.758	31.968	666076.036127	3538262.263307	0.2762
1598544276.120	118.758	31.968	666076.042896	3538262.286846	0.2762
1598544276.120	118.758	31.968	666076.049452	3538262.312561	0.2762
1598544276.220	118.758	31.968	666076.056743	3538262.336678	0.2763
1598544276.220	118.758	31.968	666076.063451	3538262.363202	0.2763
1598544276.320	118.758	31.968	666076.070538	3538262.391601	0.2764
1598544276.320	118.758	31.968	666076.077558	3538262.420675	0.2765
1598544276.420	118.758	31.968	666076.085170	3538262.451235	0.2765
1598544276.420	118.758	31.968	666076.093184	3538262.483782	0.2765
1598544276.520	118.758	31.968	666076.101048	3538262.516807	0.2766
1598544276.520	118.758	31.968	666076.109205	3538262.550858	0.2765
1598544276.620	118.758	31.968	666076.118194	3538262.586032	0.2766
1598544276.620	118.758	31.968	666076.128880	3538262.623360	0.2765
1598544276.720	118.758	31.968	666076.140495	3538262.661876	0.2763
1598544276.720	118.758	31.968	666076.152825	3538262.702345	0.2762
1598544276.820	118.758	31.968	666076.165007	3538262.743371	0.2761
1598544276.820	118.758	31.968	666076.177598	3538262.788246	0.2760
1598544276.920	118.758	31.968	666076.190274	3538262.835748	0.2760
1598544276.920	118.758	31.968	666076.203769	3538262.885655	0.2760
1598544277.020	118.758	31.968	666076.218171	3538262.938448	0.2758
1598544277.020	118.758	31.968	666076.232006	3538262.991640	0.2757
1598544277.120	118.758	31.968	666076.245721	3538263.047217	0.2757
1598544277.120	118.758	31.968	666076.260545	3538263.103917	0.2759
1598544277.220	118.758	31.968	666076.275785	3538263.165696	0.2758
1598544277.220	118.758	31.968	666076.292143	3538263.227725	0.2758
1598544277.320	118.758	31.968	666076.309613	3538263.292292	0.2756
1598544277.320	118.758	31.968	666076.327748	3538263.357462	0.2756
1598544277.420	118.758	31.968	666076.346832	3538263.425069	0.2756
1598544277.420	118.758	31.968	666076.366347	3538263.496098	0.2755
1598544277.520	118.758	31.968	666076.385735	3538263.566631	0.2756
1598544277.520	118.758	31.968	666076.405800	3538263.638701	0.2758
1598544277.620	118.758	31.968	666076.427931	3538263.712946	0.2758
1598544277.620	118.758	31.968	666076.450122	3538263.787168	0.2758
1598544277.720	118.758	31.968	666076.471370	3538263.863444	0.2759
1598544277.720	118.758	31.968	666076.492924	3538263.943158	0.2760
1598544277.820	118.758	31.968	666076.515078	3538264.022336	0.2763
1598544277.820	118.758	31.968	666076.537967	3538264.102688	0.2765
1598544277.920	118.758	31.968	666076.561311	3538264.186488	0.2766
1598544277.920	118.758	31.968	666076.584621	3538264.270474	0.2767
1598544278.020	118.758	31.968	666076.607809	3538264.355918	0.2767
1598544278.020	118.758	31.968	666076.631744	3538264.443613	0.2769
1598544278.120	118.758	31.968	666076.654517	3538264.531421	0.2771
1598544278.120	118.758	31.968	666076.677890	3538264.620306	0.2776
1598544278.220	118.758	31.968	666076.701659	3538264.712991	0.2781
1598544278.220	118.758	31.968	666076.728318	3538264.803829	0.2783
1598544278.320	118.758	31.968	666076.755855	3538264.898057	0.2782
1598544278.320	118.758	31.968	666076.782505	3538264.992276	0.2783
1598544278.420	118.758	31.968	666076.807815	3538265.087739	0.2790
1598544278.420	118.758	31.968	666076.835001	3538265.184854	0.2800
1598544278.520	118.758	31.968	666076.863159	3538265.281295	0.2807
1598544278.520	118.758	31.968	666076.893073	3538265.378923	0.2808
1598544278.620	118.758	31.968	666076.922819	3538265.479968	0.2807
1598544278.620	118.758	31.968	666076.950094	3538265.578141	0.2807
1598544278.720	118.758	31.968	666076.977166	3538265.676326	0.2813
1598544278.720	118.758	31.968	666077.005452	3538265.776869	0.2820
1598544278.820	118.758	31.968	666077.035047	3538265.874836	0.2825
1598544278.820	118.758	31.968	666077.064787	3538265.972398	0.2827
1598544278.920	118.758	31.968	666077.092592	3538266.071977	0.2829
1598544278.920	118.758	31.968	666077.118757	3538266.168876	0.2831
1598544279.020	118.758	31.968	666077.145138	3538266.265304	0.2834
1598544279.020	118.758	31.968	666077.173918	3538266.363898	0.2838
1598544279.120	118.758	31.968	666077.203294	3538266.460569	0.2841
1598544279.120	118.758	31.968	666077.230889	3538266.556435	0.2843
1598544279.220	118.758	31.968	666077.261874	3538266.654998	0.2843
1598544279.220	118.758	31.968	666077.288653	3538266.749945	0.2846
1598544279.320	118.758	31.968	666077.315690	3538266.843225	0.2851
1598544279.320	118.758	31.968	666077.344226	3538266.937965	0.2855
1598544279.420	118.758	31.968	666077.371966	3538267.029895	0.2856
1598544279.420	118.758	31.968	666077.398150	3538267.120371	0.2857
1598544279.520	118.758	31.968	666077.423802	3538267.211539	0.2858
1598544279.520	118.758	31.968	666077.448505	3538267.300379	0.2861
1598544279.620	118.758	31.968	666077.472607	3538267.387562	0.2865
1598544279.620	118.758	31.968	666077.497143	3538267.471537	0.2869
1598544279.720	118.758	31.968	666077.520843	3538267.556253	0.2872
1598544279.720	118.758	31.968	666077.544968	3538267.640182	0.2875
1598544279.820	118.758	31.968	666077.568095	3538267.721147	0.2877
1598544279.820	118.758	31.968	666077.590887	3538267.800008	0.2878
1598544279.920	118.758	31.968	666077.613335	3538267.878757	0.2879
1598544279.920	118.758	31.968	666077.634344	3538267.953909	0.2880
1598544280.020	118.758	31.968	666077.653996	3538268.027614	0.2881
1598544280.020	118.758	31.968	666077.674679	3538268.101949	0.2882
1598544280.120	118.758	31.968	666077.695104	3538268.174334	0.2883
1598544280.120	118.758	31.968	666077.715254	3538268.247645	0.2884
1598544280.220	118.758	31.968	666077.735625	3538268.318557	0.2883
1598544280.220	118.758	31.968	666077.756441	3538268.388194	0.2882
1598544280.320	118.758	31.968	666077.778288	3538268.456921	0.2881
1598544280.320	118.758	31.968	666077.800144	3538268.526451	0.2881
1598544280.420	118.758	31.968	666077.821025	3538268.593480	0.2882
1598544280.420	118.758	31.968	666077.841871	3538268.659662	0.2881
1598544280.520	118.758	31.968	666077.862116	3538268.726698	0.2880
1598544280.520	118.758	31.968	666077.881460	3538268.793351	0.2880
1598544280.620	118.758	31.968	666077.899997	3538268.855708	0.2881
1598544280.620	118.758	31.968	666077.918791	3538268.920436	0.2882
1598544280.720	118.758	31.968	666077.936938	3538268.983722	0.2882
1598544280.720	118.758	31.968	666077.954855	3538269.046184	0.2880
1598544280.820	118.758	31.968	666077.972430	3538269.109667	0.2878
1598544280.820	118.758	31.968	666077.988752	3538269.173002	0.2878
1598544280.920	118.758	31.968	666078.005476	3538269.236500	0.2878
1598544280.920	118.758	31.968	666078.022649	3538269.300760	0.2877
1598544281.020	118.758	31.968	666078.038965	3538269.362544	0.2876
1598544281.020	118.758	31.968	666078.055124	3538269.423869	0.2875
1598544281.120	118.758	31.968	666078.070851	3538269.486116	0.2874
1598544281.120	118.758	31.968	666078.087569	3538269.543739	0.2872
1598544281.220	118.758	31.968	666078.102353	3538269.603013	0.2870
1598544281.220	118.758	31.968	666078.118090	3538269.663974	0.2868
1598544281.320	118.758	31.968	666078.133822	3538269.719614	0.2870
1598544281.321	118.758	31.968	666078.149625	3538269.774577	0.2872
1598544281.420	118.758	31.968	666078.166677	3538269.825479	0.2872
1598544281.420	118.758	31.968	666078.184404	3538269.875331	0.2870
1598544281.520	118.758	31.968	666078.201351	3538269.924349	0.2867
1598544281.520	118.758	31.968	666078.218256	3538269.970046	0.2864
1598544281.620	118.758	31.968	666078.233315	3538270.013739	0.2864
1598544281.620	118.758	31.968	666078.246667	3538270.057151	0.2865
1598544281.720	118.758	31.968	666078.258344	3538270.098234	0.2867
1598544281.720	118.758	31.968	666078.268499	3538270.137242	0.2867
1598544281.820	118.758	31.968	666078.279191	3538270.176172	0.2866
1598544281.820	118.758	31.968	666078.290095	3538270.213313	0.2864
1598544281.920	118.758	31.968	666078.300482	3538270.250104	0.2863
1598544281.920	118.758	31.968	666078.310285	3538270.286840	0.2863
1598544282.020	118.758	31.968	666078.319887	3538270.323105	0.2863
1598544282.020	118.758	31.968	666078.329433	3538270.358829	0.2864
1598544282.120	118.758	31.968	666078.339948	3538270.396908	0.2864
1598544282.120	118.758	31.968	666078.350336	3538270.433825	0.2863
1598544282.220	118.758	31.968	666078.360790	3538270.469458	0.2863
1598544282.220	118.758	31.968	666078.371235	3538270.504711	0.2865
1598544282.320	118.758	31.968	666078.379651	3538270.540054	0.2867
1598544282.320	118.758	31.968	666078.388098	3538270.573729	0.2868
1598544282.420	118.758	31.968	666078.397889	3538270.607536	0.2868
1598544282.420	118.758	31.968	666078.407968	3538270.639914	0.2868
1598544282.520	118.758	31.968	666078.417418	3538270.672030	0.2867
1598544282.520	118.758	31.968	666078.425972	3538270.704778	0.2868
1598544282.620	118.758	31.968	666078.435030	3538270.734785	0.2870
1598544282.620	118.758	31.968	666078.443718	3538270.765642	0.2871
1598544282.720	118.758	31.968	666078.451811	3538270.794719	0.2871
1598544282.720	118.758	31.968	666078.460016	3538270.823284	0.2870
1598544282.820	118.758	31.968	666078.468827	3538270.851359	0.2870
1598544282.820	118.758	31.968	666078.477700	3538270.877980	0.2870
1598544282.920	118.758	31.968	666078.486136	3538270.904090	0.2869
1598544282.920	118.758	31.968	666078.494468	3538270.930222	0.2869
1598544283.020	118.758	31.968	666078.501859	3538270.955635	0.2868
1598544283.020	118.758	31.968	666078.508464	3538270.980015	0.2868
1598544283.120	118.758	31.968	666078.514943	3538271.003136	0.2868
1598544283.120	118.758	31.968	666078.521309	3538271.027401	0.2868
1598544283.220	118.758	31.968	666078.527633	3538271.045004	0.2868
1598544283.220	118.758	31.968	666078.534137	3538271.065156	0.2867
1598544283.320	118.758	31.968	666078.540213	3538271.085441	0.2867
1598544283.320	118.758	31.968	666078.545696	3538271.105224	0.2867
1598544283.420	118.758	31.968	666078.551231	3538271.125046	0.2867
1598544283.420	118.758	31.968	666078.557223	3538271.143518	0.2867
1598544283.520	118.758	31.968	666078.562614	3538271.160641	0.2867
1598544283.520	118.758	31.968	666078.567731	3538271.177149	0.2866
1598544283.620	118.758	31.968	666078.572307	3538271.191952	0.2866
1598544283.620	118.758	31.968	666078.575602	3538271.205035	0.2866
1598544283.720	118.758	31.968	666078.579176	3538271.217607	0.2867
1598544283.720	118.758	31.968	666078.582749	3538271.229712	0.2866
1598544283.820	118.758	31.968	666078.584970	3538271.239152	0.2866
1598544283.820	118.758	31.968	666078.586248	3538271.245497	0.2866
1598544283.920	118.758	31.968	666078.586777	3538271.249002	0.2866
1598544283.920	118.758	31.968	666078.586893	3538271.251072	0.2866
1598544284.020	118.758	31.968	666078.587369	3538271.253703	0.2865
1598544284.020	118.758	31.968	666078.587747	3538271.256091	0.2864
1598544284.120	118.758	31.968	666078.587410	3538271.256120	0.2864
1598544284.120	118.758	31.968	666078.587976	3538271.261384	0.2864
1598544284.220	118.758	31.968	666078.586555	3538271.257205	0.2865
1598544284.220	118.758	31.968	666078.582876	3538271.238180	0.2865
1598544284.320	118.758	31.968	666078.581124	3538271.229581	0.2865
1598544284.320	118.758	31.968	666078.579416	3538271.222021	0.2864
1598544284.420	118.758	31.968	666078.578247	3538271.216766	0.2864
1598544284.420	118.758	31.968	666078.577343	3538271.212730	0.2864
1598544284.520	118.758	31.968	666078.576966	3538271.208628	0.2864
1598544284.520	118.758	31.968	666078.576958	3538271.204840	0.2864
1598544284.620	118.758	31.968	666078.576544	3538271.201429	0.2863
1598544284.620	118.758	31.968	666078.576367	3538271.198500	0.2863
1598544284.720	118.758	31.968	666078.576437	3538271.196722	0.2863
1598544284.720	118.758	31.968	666078.576758	3538271.195883	0.2863
1598544284.820	118.758	31.968	666078.577144	3538271.195974	0.2863
1598544284.820	118.758	31.968	666078.577454	3538271.196224	0.2863
1598544284.920	118.758	31.968	666078.577088	3538271.194988	0.2863
1598544284.920	118.758	31.968	666078.577857	3538271.195578	0.2863
1598544285.020	118.758	31.968	666078.579143	3538271.197117	0.2863
1598544285.020	118.758	31.968	666078.579306	3538271.197586	0.2863
1598544285.120	118.758	31.968	666078.579479	3538271.197978	0.2864
1598544285.120	118.758	31.968	666078.579399	3538271.197800	0.2864
1598544285.220	118.758	31.968	666078.579851	3538271.198831	0.2864
1598544285.220	118.758	31.968	666078.579755	3538271.199352	0.2864
1598544285.320	118.758	31.968	666078.579541	3538271.199764	0.2863
1598544285.320	118.758	31.968	666078.579275	3538271.200170	0.2863
1598544285.420	118.758	31.968	666078.578705	3538271.200142	0.2864
1598544285.420	118.758	31.968	666078.578381	3538271.199810	0.2864
1598544285.520	118.758	31.968	666078.578531	3538271.199748	0.2864
1598544285.520	118.758	31.968	666078.578815	3538271.199740	0.2864
1598544285.620	118.758	31.968	666078.578730	3538271.199685	0.2864
1598544285.620	118.758	31.968	666078.578543	3538271.199928	0.2864
1598544285.720	118.758	31.968	666078.578464	3538271.200059	0.2864
1598544285.720	118.758	31.968	666078.578384	3538271.200098	0.2864
1598544285.820	118.758	31.968	666078.578557	3538271.199979	0.2864
1598544285.820	118.758	31.968	666078.578894	3538271.199402	0.2864
1598544285.920	118.758	31.968	666078.578715	3538271.199732	0.2864
1598544285.920	118.758	31.968	666078.578627	3538271.199503	0.2864
1598544286.020	118.758	31.968	666078.578658	3538271.199418	0.2864
1598544286.020	118.758	31.968	666078.578555	3538271.199388	0.2864
1598544286.120	118.758	31.968	666078.578392	3538271.199671	0.2865
1598544286.120	118.758	31.968	666078.578179	3538271.199949	0.2865
1598544286.220	118.758	31.968	666078.578073	3538271.200307	0.2865
1598544286.220	118.758	31.968	666078.578325	3538271.200446	0.2865
1598544286.320	118.758	31.968	666078.578462	3538271.200696	0.2866
1598544286.320	118.758	31.968	666078.578674	3538271.200932	0.2866
1598544286.420	118.758	31.968	666078.578518	3538271.200999	0.2866
1598544286.420	118.758	31.968	666078.578422	3538271.201100	0.2866
1598544286.520	118.758	31.968	666078.578728	3538271.201094	0.2867
1598544286.520	118.758	31.968	666078.578987	3538271.201105	0.2867
1598544286.620	118.758	31.968	666078.579008	3538271.201302	0.2867
1598544286.620	118.758	31.968	666078.579212	3538271.201104	0.2868
1598544286.720	118.758	31.968	666078.579643	3538271.200855	0.2867
1598544286.720	118.758	31.968	666078.579864	3538271.200716	0.2867
1598544286.820	118.758	31.968	666078.580089	3538271.200464	0.2868
1598544286.820	118.758	31.968	666078.580099	3538271.200343	0.2867
1598544286.920	118.758	31.968	666078.580248	3538271.200234	0.2867
1598544286.920	118.758	31.968	666078.580149	3538271.200012	0.2868
1598544287.020	118.758	31.968	666078.580376	3538271.199997	0.2868
1598544287.020	118.758	31.968	666078.581130	3538271.200520	0.2868
