1598543120.888	118.749	31.947	665284.193989	3535862.554536	6.1694
1598543120.988	118.749	31.947	665284.153821	3535862.916641	6.1686
1598543121.088	118.749	31.947	665284.112261	3535863.281496	6.1682
1598543121.188	118.749	31.947	665284.069915	3535863.645035	6.1680
1598543121.288	118.749	31.947	665284.048663	3535863.824080	6.1679
1598543121.288	118.749	31.947	665284.025988	3535864.006463	6.1680
1598543121.388	118.749	31.947	665284.003440	3535864.184997	6.1683
1598543121.388	118.749	31.947	665283.980746	3535864.363527	6.1686
1598543121.488	118.749	31.947	665283.958575	3535864.545945	6.1688
1598543121.488	118.749	31.947	665283.937082	3535864.724473	6.1690
1598543121.588	118.749	31.947	665283.915754	3535864.902783	6.1692
1598543121.588	118.749	31.947	665283.893997	3535865.085296	6.1695
1598543121.688	118.749	31.947	665283.872353	3535865.264757	6.1699
1598543121.688	118.749	31.947	665283.852027	3535865.443580	6.1703
1598543121.788	118.749	31.947	665283.832236	3535865.625607	6.1706
1598543121.788	118.749	31.947	665283.812781	3535865.804633	6.1708
1598543121.888	118.749	31.947	665283.792363	3535865.987348	6.1710
1598543121.888	118.749	31.947	665283.772401	3535866.165540	6.1713
1598543121.988	118.749	31.947	665283.752575	3535866.343311	6.1716
1598543121.988	118.749	31.947	665283.732417	3535866.524824	6.1718
1598543122.088	118.749	31.947	665283.712163	3535866.702878	6.1719
1598543122.088	118.749	31.947	665283.692209	3535866.880422	6.1721
1598543122.188	118.749	31.947	665283.671557	3535867.061898	6.1723
1598543122.188	118.749	31.947	665283.652477	3535867.239363	6.1726
1598543122.288	118.749	31.947	665283.632928	3535867.415973	6.1729
1598543122.288	118.749	31.947	665283.613610	3535867.595546	6.1731
1598543122.388	118.749	31.947	665283.594754	3535867.771379	6.1732
1598543122.388	118.749	31.947	665283.575844	3535867.947326	6.1734
1598543122.488	118.749	31.947	665283.556582	3535868.127935	6.1736
1598543122.488	118.749	31.947	665283.538650	3535868.305152	6.1739
1598543122.588	118.749	31.947	665283.520850	3535868.485504	6.1742
1598543122.588	118.749	31.947	665283.502879	3535868.661370	6.1744
1598543122.688	118.749	31.947	665283.484389	3535868.836775	6.1745
1598543122.688	118.749	31.947	665283.466067	3535869.015513	6.1746
1598543122.788	118.749	31.947	665283.447782	3535869.190552	6.1748
1598543122.788	118.749	31.947	665283.429865	3535869.365725	6.1750
1598543122.888	118.749	31.947	665283.411489	3535869.544649	6.1751
1598543122.888	118.749	31.947	665283.394025	3535869.720059	6.1751
1598543122.988	118.749	31.947	665283.375920	3535869.894946	6.1752
1598543122.988	118.749	31.947	665283.356600	3535870.072994	6.1753
1598543123.088	118.749	31.947	665283.338538	3535870.248247	6.1754
1598543123.088	118.749	31.947	665283.320924	3535870.423454	6.1755
1598543123.188	118.749	31.947	665283.302295	3535870.601518	6.1756
1598543123.188	118.749	31.947	665283.285042	3535870.776496	6.1756
1598543123.288	118.749	31.947	665283.266924	3535870.954662	6.1755
1598543123.288	118.749	31.947	665283.248803	3535871.128791	6.1756
1598543123.388	118.749	31.947	665283.230625	3535871.302999	6.1758
1598543123.388	118.749	31.947	665283.211860	3535871.480119	6.1760
1598543123.488	118.749	31.947	665283.192988	3535871.653431	6.1761
1598543123.488	118.749	31.947	665283.174350	3535871.825764	6.1762
1598543123.588	118.749	31.947	665283.155093	3535872.001618	6.1765
1598543123.588	118.749	31.947	665283.135861	3535872.173869	6.1767
1598543123.688	118.749	31.947	665283.116666	3535872.345978	6.1768
1598543123.688	118.749	31.947	665283.097744	3535872.520967	6.1769
1598543123.788	118.749	31.947	665283.078873	3535872.692321	6.1770
1598543123.788	118.749	31.947	665283.059562	3535872.866598	6.1771
1598543123.888	118.749	31.947	665283.041275	3535873.037424	6.1773
1598543123.888	118.749	31.947	665283.022707	3535873.208797	6.1775
1598543123.988	118.749	31.947	665283.003554	3535873.384093	6.1777
1598543123.988	118.749	31.947	665282.985625	3535873.555527	6.1778
1598543124.088	118.749	31.947	665282.966998	3535873.726964	6.1778
1598543124.088	118.749	31.947	665282.947227	3535873.902577	6.1779
1598543124.188	118.749	31.947	665282.928504	3535874.076487	6.1780
1598543124.188	118.749	31.947	665282.908209	3535874.248122	6.1784
1598543124.288	118.749	31.947	665282.888258	3535874.425259	6.1786
1598543124.288	118.749	31.947	665282.869193	3535874.599957	6.1787
1598543124.388	118.749	31.947	665282.849729	3535874.775298	6.1788
1598543124.388	118.749	31.947	665282.829367	3535874.955217	6.1789
1598543124.488	118.749	31.947	665282.810791	3535875.133888	6.1791
1598543124.488	118.749	31.947	665282.792010	3535875.317872	6.1792
1598543124.588	118.749	31.947	665282.773645	3535875.499732	6.1793
1598543124.588	118.749	31.947	665282.754381	3535875.683384	6.1795
1598543124.688	118.749	31.947	665282.734924	3535875.872651	6.1797
1598543124.688	118.749	31.947	665282.715921	3535876.059999	6.1799
1598543124.788	118.749	31.947	665282.697046	3535876.249454	6.1801
1598543124.788	118.749	31.947	665282.676579	3535876.444546	6.1802
1598543124.888	118.749	31.947	665282.657009	3535876.637553	6.1803
1598543124.888	118.749	31.947	665282.637726	3535876.832634	6.1804
1598543124.988	118.749	31.947	665282.617741	3535877.033572	6.1806
1598543124.988	118.749	31.947	665282.598110	3535877.232031	6.1807
1598543125.088	118.749	31.947	665282.578217	3535877.432023	6.1808
1598543125.088	118.749	31.947	665282.557518	3535877.637767	6.1810
1598543125.188	118.749	31.947	665282.537086	3535877.838265	6.1811
1598543125.188	118.749	31.947	665282.515337	3535878.050131	6.1814
1598543125.288	118.749	31.947	665282.494421	3535878.257014	6.1815
1598543125.288	118.749	31.947	665282.473297	3535878.463851	6.1816
1598543125.388	118.749	31.947	665282.451293	3535878.676500	6.1818
1598543125.388	118.749	31.947	665282.429427	3535878.886271	6.1820
1598543125.488	118.749	31.947	665282.407937	3535879.097732	6.1822
1598543125.488	118.749	31.947	665282.385409	3535879.314996	6.1824
1598543125.588	118.749	31.947	665282.363365	3535879.529664	6.1826
1598543125.588	118.749	31.947	665282.341117	3535879.745610	6.1827
1598543125.688	118.749	31.947	665282.317577	3535879.967806	6.1828
1598543125.688	118.749	31.947	665282.294361	3535880.187644	6.1830
1598543125.788	118.749	31.947	665282.270653	3535880.413848	6.1831
1598543125.788	118.749	31.947	665282.247318	3535880.636773	6.1832
1598543125.888	118.749	31.947	665282.223758	3535880.861461	6.1832
1598543125.888	118.749	31.947	665282.199310	3535881.091405	6.1831
1598543125.988	118.749	31.947	665282.175155	3535881.318415	6.1830
1598543125.988	118.749	31.947	665282.151163	3535881.547570	6.1828
1598543126.088	118.749	31.947	665282.126839	3535881.782734	6.1825
1598543126.088	118.749	31.947	665282.102784	3535882.013863	6.1824
1598543126.188	118.749	31.947	665282.077755	3535882.245770	6.1823
1598543126.188	118.749	31.947	665282.052889	3535882.485741	6.1824
1598543126.288	118.749	31.947	665282.027937	3535882.721787	6.1822
1598543126.288	118.749	31.947	665282.003072	3535882.959201	6.1821
1598543126.388	118.749	31.947	665281.976908	3535883.203303	6.1821
1598543126.388	118.749	31.947	665281.951159	3535883.444121	6.1821
1598543126.488	118.749	31.947	665281.925062	3535883.691214	6.1821
1598543126.488	118.749	31.947	665281.899927	3535883.934415	6.1821
1598543126.588	118.749	31.947	665281.874869	3535884.179443	6.1821
1598543126.588	118.749	31.947	665281.849732	3535884.430770	6.1821
1598543126.688	118.749	31.947	665281.824125	3535884.677571	6.1821
1598543126.688	118.749	31.947	665281.797907	3535884.924383	6.1820
1598543126.788	118.749	31.947	665281.771384	3535885.177570	6.1819
1598543126.788	118.749	31.947	665281.745474	3535885.426676	6.1817
1598543126.888	118.749	31.947	665281.718114	3535885.676535	6.1815
1598543126.888	118.749	31.947	665281.689743	3535885.932909	6.1815
1598543126.988	118.749	31.947	665281.661363	3535886.185583	6.1814
1598543126.988	118.749	31.947	665281.633028	3535886.437991	6.1813
1598543127.088	118.749	31.947	665281.604926	3535886.696002	6.1813
1598543127.088	118.749	31.947	665281.578341	3535886.949415	6.1812
1598543127.188	118.749	31.947	665281.549854	3535887.206736	6.1811
1598543127.188	118.749	31.947	665281.522859	3535887.461408	6.1811
1598543127.288	118.749	31.947	665281.495439	3535887.716378	6.1810
1598543127.288	118.749	31.947	665281.467301	3535887.976050	6.1810
1598543127.388	118.749	31.947	665281.439678	3535888.230822	6.1809
1598543127.388	118.749	31.947	665281.411796	3535888.485185	6.1809
1598543127.488	118.749	31.947	665281.383703	3535888.744559	6.1808
1598543127.488	118.749	31.947	665281.356592	3535888.998131	6.1807
1598543127.588	118.749	31.947	665281.329115	3535889.251544	6.1807
1598543127.588	118.749	31.947	665281.301277	3535889.509980	6.1806
1598543127.688	118.749	31.947	665281.273001	3535889.763442	6.1806
1598543127.688	118.749	31.947	665281.244848	3535890.021915	6.1805
1598543127.788	118.749	31.947	665281.217528	3535890.275208	6.1805
1598543127.788	118.749	31.947	665281.189573	3535890.528267	6.1804
1598543127.888	118.749	31.947	665281.162003	3535890.786710	6.1804
1598543127.888	118.749	31.947	665281.135453	3535891.039459	6.1803
1598543127.988	118.749	31.947	665281.108911	3535891.292236	6.1803
1598543127.988	118.749	31.947	665281.080711	3535891.549565	6.1802
1598543128.088	118.749	31.947	665281.054107	3535891.801701	6.1801
1598543128.088	118.749	31.947	665281.028073	3535892.054512	6.1802
1598543128.188	118.749	31.947	665280.999969	3535892.312536	6.1801
1598543128.188	118.749	31.947	665280.976369	3535892.565686	6.1801
1598543128.288	118.749	31.947	665280.950815	3535892.818770	6.1802
1598543128.288	118.749	31.947	665280.924187	3535893.076697	6.1803
1598543128.388	118.749	31.947	665280.898318	3535893.329793	6.1803
1598543128.388	118.749	31.947	665280.871349	3535893.586519	6.1803
1598543128.488	118.749	31.947	665280.845870	3535893.838581	6.1804
1598543128.488	118.749	31.947	665280.820154	3535894.090203	6.1804
1598543128.588	118.749	31.947	665280.793607	3535894.346752	6.1804
1598543128.588	118.749	31.947	665280.767655	3535894.597862	6.1804
1598543128.688	118.749	31.947	665280.741287	3535894.847858	6.1806
1598543128.688	118.749	31.947	665280.713989	3535895.103279	6.1806
1598543128.788	118.749	31.947	665280.687107	3535895.352832	6.1807
1598543128.788	118.749	31.947	665280.660208	3535895.602185	6.1807
1598543128.888	118.749	31.947	665280.632097	3535895.855728	6.1806
1598543128.888	118.749	31.947	665280.604756	3535896.104248	6.1805
1598543128.988	118.749	31.947	665280.576727	3535896.357702	6.1804
1598543128.988	118.749	31.947	665280.548917	3535896.605773	6.1803
1598543129.088	118.749	31.947	665280.521803	3535896.853121	6.1803
1598543129.088	118.749	31.947	665280.495678	3535897.104954	6.1801
1598543129.188	118.749	31.947	665280.468768	3535897.350272	6.1800
1598543129.188	118.749	31.947	665280.444731	3535897.595969	6.1800
1598543129.288	118.749	31.947	665280.418947	3535897.846610	6.1799
1598543129.288	118.749	31.947	665280.393353	3535898.091953	6.1798
1598543129.388	118.749	31.947	665280.367648	3535898.335996	6.1797
1598543129.388	118.749	31.947	665280.341657	3535898.582767	6.1796
1598543129.488	118.749	31.947	665280.315644	3535898.822273	6.1793
1598543129.488	118.749	31.947	665280.289761	3535899.059603	6.1791
1598543129.588	118.749	31.947	665280.263495	3535899.300209	6.1787
1598543129.588	118.749	31.947	665280.238457	3535899.533704	6.1785
1598543129.688	118.749	31.947	665280.211655	3535899.771608	6.1782
1598543129.688	118.749	31.947	665280.185714	3535900.003109	6.1779
1598543129.788	118.749	31.947	665280.160030	3535900.232815	6.1777
1598543129.788	118.749	31.947	665280.133944	3535900.464293	6.1774
1598543129.888	118.749	31.947	665280.108810	3535900.689010	6.1771
1598543129.888	118.749	31.947	665280.083756	3535900.912030	6.1767
1598543129.988	118.749	31.947	665280.058133	3535901.137522	6.1765
1598543129.988	118.749	31.947	665280.033009	3535901.357446	6.1764
1598543130.088	118.749	31.947	665280.008463	3535901.575885	6.1764
1598543130.088	118.749	31.947	665279.983660	3535901.796620	6.1763
1598543130.188	118.749	31.947	665279.958433	3535902.013024	6.1762
1598543130.188	118.749	31.947	665279.936281	3535902.222517	6.1761
1598543130.288	118.749	31.947	665279.912372	3535902.436355	6.1760
1598543130.288	118.749	31.947	665279.887854	3535902.644298	6.1760
1598543130.388	118.749	31.947	665279.862978	3535902.854414	6.1758
1598543130.388	118.749	31.947	665279.840239	3535903.057300	6.1757
1598543130.488	118.749	31.947	665279.817957	3535903.256921	6.1756
1598543130.488	118.749	31.947	665279.795568	3535903.457724	6.1755
1598543130.588	118.749	31.947	665279.773484	3535903.651962	6.1755
1598543130.588	118.749	31.947	665279.752562	3535903.843681	6.1755
1598543130.688	118.749	31.947	665279.731608	3535904.035801	6.1755
1598543130.688	118.749	31.947	665279.711240	3535904.221315	6.1755
1598543130.788	118.749	31.947	665279.691373	3535904.403819	6.1753
1598543130.788	118.749	31.947	665279.671417	3535904.586313	6.1752
1598543130.888	118.749	31.947	665279.652130	3535904.761777	6.1751
1598543130.888	118.749	31.947	665279.633008	3535904.936941	6.1751
1598543130.988	118.749	31.947	665279.614249	3535905.104907	6.1752
1598543130.988	118.749	31.947	665279.595533	3535905.269908	6.1752
1598543131.088	118.749	31.947	665279.577757	3535905.434504	6.1751
1598543131.088	118.749	31.947	665279.561016	3535905.593216	6.1750
1598543131.188	118.749	31.947	665279.542709	3535905.752144	6.1750
1598543131.188	118.749	31.947	665279.526629	3535905.903421	6.1750
1598543131.288	118.749	31.947	665279.510501	3535906.051142	6.1750
1598543131.288	118.749	31.947	665279.494266	3535906.196372	6.1750
1598543131.388	118.749	31.947	665279.478185	3535906.341305	6.1749
1598543131.388	118.749	31.947	665279.462285	3535906.480214	6.1748
1598543131.488	118.749	31.947	665279.446087	3535906.615997	6.1748
1598543131.488	118.749	31.947	665279.429610	3535906.751300	6.1748
1598543131.588	118.749	31.947	665279.413618	3535906.883773	6.1748
1598543131.588	118.749	31.947	665279.398224	3535907.012482	6.1748
1598543131.688	118.749	31.947	665279.383346	3535907.135404	6.1748
1598543131.688	118.749	31.947	665279.368976	3535907.255464	6.1747
1598543131.788	118.749	31.947	665279.354239	3535907.374668	6.1746
1598543131.788	118.749	31.947	665279.340510	3535907.488205	6.1746
1598543131.888	118.749	31.947	665279.326731	3535907.598503	6.1747
1598543131.888	118.749	31.947	665279.312946	3535907.707931	6.1747
1598543131.988	118.749	31.947	665279.300372	3535907.812194	6.1748
1598543131.988	118.749	31.947	665279.288334	3535907.914007	6.1747
1598543132.088	118.749	31.947	665279.275954	3535908.014483	6.1747
1598543132.088	118.749	31.947	665279.264609	3535908.110629	6.1747
1598543132.188	118.749	31.947	665279.252125	3535908.205683	6.1747
1598543132.188	118.749	31.947	665279.242649	3535908.294613	6.1747
1598543132.288	118.749	31.947	665279.232936	3535908.380561	6.1747
1598543132.288	118.749	31.947	665279.223988	3535908.465137	6.1747
1598543132.388	118.749	31.947	665279.215772	3535908.544654	6.1747
1598543132.388	118.749	31.947	665279.208251	3535908.621722	6.1747
1598543132.488	118.749	31.947	665279.201074	3535908.697520	6.1746
1598543132.488	118.749	31.947	665279.193683	3535908.769208	6.1747
1598543132.588	118.749	31.947	665279.186339	3535908.838145	6.1747
1598543132.588	118.749	31.947	665279.178486	3535908.906986	6.1747
1598543132.688	118.749	31.947	665279.170867	3535908.972359	6.1747
1598543132.688	118.749	31.947	665279.164006	3535909.035770	6.1747
1598543132.788	118.749	31.947	665279.157366	3535909.097951	6.1747
1598543132.788	118.749	31.947	665279.151182	3535909.157634	6.1747
1598543132.888	118.749	31.947	665279.144862	3535909.218003	6.1748
1598543132.888	118.749	31.947	665279.138275	3535909.276582	6.1748
1598543132.988	118.749	31.947	665279.131698	3535909.333567	6.1749
1598543132.988	118.749	31.947	665279.125052	3535909.391139	6.1749
1598543133.088	118.749	31.947	665279.118847	3535909.448817	6.1750
1598543133.088	118.749	31.947	665279.112428	3535909.506760	6.1750
1598543133.188	118.749	31.947	665279.105332	3535909.565976	6.1750
1598543133.188	118.749	31.947	665279.099654	3535909.624407	6.1751
1598543133.288	118.749	31.947	665279.093920	3535909.682597	6.1751
1598543133.288	118.749	31.947	665279.087778	3535909.741463	6.1751
1598543133.388	118.749	31.947	665279.081590	3535909.799088	6.1751
1598543133.388	118.749	31.947	665279.075611	3535909.857302	6.1752
1598543133.488	118.749	31.947	665279.068977	3535909.916418	6.1752
1598543133.488	118.749	31.947	665279.062588	3535909.974190	6.1753
1598543133.588	118.749	31.947	665279.056416	3535910.030575	6.1753
1598543133.588	118.749	31.947	665279.050608	3535910.087311	6.1754
1598543133.688	118.749	31.947	665279.044724	3535910.144111	6.1754
1598543133.688	118.749	31.947	665279.038531	3535910.201334	6.1754
1598543133.788	118.749	31.947	665279.032124	3535910.256742	6.1754
1598543133.788	118.749	31.947	665279.025393	3535910.311750	6.1755
1598543133.888	118.749	31.947	665279.018510	3535910.366822	6.1755
1598543133.888	118.749	31.947	665279.012345	3535910.419997	6.1755
1598543133.988	118.749	31.947	665279.006325	3535910.471119	6.1755
1598543133.988	118.749	31.947	665278.999975	3535910.524829	6.1754
1598543134.088	118.749	31.947	665278.994031	3535910.577504	6.1754
1598543134.088	118.749	31.947	665278.988564	3535910.628807	6.1755
1598543134.188	118.749	31.947	665278.982845	3535910.677349	6.1755
1598543134.188	118.749	31.947	665278.978326	3535910.729208	6.1756
1598543134.288	118.749	31.947	665278.973296	3535910.778512	6.1756
1598543134.288	118.749	31.947	665278.968031	3535910.825421	6.1755
1598543134.388	118.749	31.947	665278.962727	3535910.870922	6.1755
1598543134.388	118.749	31.947	665278.957670	3535910.915407	6.1755
1598543134.488	118.749	31.947	665278.953018	3535910.958894	6.1755
1598543134.488	118.749	31.947	665278.948585	3535911.000969	6.1756
1598543134.588	118.749	31.947	665278.944096	3535911.040534	6.1756
1598543134.588	118.749	31.947	665278.939208	3535911.079761	6.1756
1598543134.688	118.749	31.947	665278.934101	3535911.118231	6.1757
1598543134.688	118.749	31.947	665278.929705	3535911.156623	6.1757
1598543134.788	118.749	31.947	665278.925831	3535911.193669	6.1757
1598543134.788	118.749	31.947	665278.922162	3535911.230468	6.1757
1598543134.888	118.749	31.947	665278.918186	3535911.268682	6.1757
1598543134.888	118.749	31.947	665278.913815	3535911.305944	6.1757
1598543134.988	118.749	31.947	665278.909612	3535911.343408	6.1758
1598543134.988	118.749	31.947	665278.905584	3535911.380392	6.1759
1598543135.088	118.749	31.947	665278.901791	3535911.417423	6.1760
1598543135.088	118.749	31.947	665278.897602	3535911.454227	6.1760
1598543135.188	118.749	31.947	665278.893813	3535911.487929	6.1759
1598543135.188	118.749	31.947	665278.889513	3535911.524775	6.1759
1598543135.288	118.749	31.947	665278.885300	3535911.560032	6.1759
1598543135.288	118.749	31.947	665278.881368	3535911.593289	6.1759
1598543135.388	118.749	31.947	665278.877391	3535911.625982	6.1759
1598543135.388	118.749	31.947	665278.872795	3535911.657645	6.1759
1598543135.488	118.749	31.947	665278.868909	3535911.686532	6.1760
1598543135.488	118.749	31.947	665278.865591	3535911.714723	6.1760
1598543135.588	118.749	31.947	665278.862251	3535911.740633	6.1761
1598543135.588	118.749	31.947	665278.858912	3535911.765216	6.1761
1598543135.688	118.749	31.947	665278.855322	3535911.788884	6.1761
1598543135.688	118.749	31.947	665278.852183	3535911.811063	6.1761
1598543135.788	118.749	31.947	665278.849282	3535911.832016	6.1761
1598543135.788	118.749	31.947	665278.846690	3535911.852682	6.1760
1598543135.888	118.749	31.947	665278.844445	3535911.871956	6.1761
1598543135.888	118.749	31.947	665278.842743	3535911.890002	6.1761
1598543135.988	118.749	31.947	665278.840272	3535911.908746	6.1761
1598543135.988	118.749	31.947	665278.838560	3535911.924537	6.1761
1598543136.088	118.749	31.947	665278.836513	3535911.939046	6.1760
1598543136.088	118.749	31.947	665278.834048	3535911.952823	6.1760
1598543136.188	118.749	31.947	665278.831740	3535911.967451	6.1760
1598543136.188	118.749	31.947	665278.830294	3535911.977916	6.1760
1598543136.288	118.749	31.947	665278.828632	3535911.989754	6.1760
1598543136.288	118.749	31.947	665278.826987	3535912.000893	6.1759
1598543136.388	118.749	31.947	665278.825282	3535912.011464	6.1759
1598543136.388	118.749	31.947	665278.823920	3535912.021219	6.1759
1598543136.488	118.749	31.947	665278.822543	3535912.030441	6.1760
1598543136.488	118.749	31.947	665278.821623	3535912.039167	6.1760
1598543136.588	118.749	31.947	665278.820973	3535912.046939	6.1759
1598543136.588	118.749	31.947	665278.820567	3535912.053918	6.1759
1598543136.688	118.749	31.947	665278.820333	3535912.060831	6.1759
1598543136.688	118.749	31.947	665278.820168	3535912.066921	6.1759
1598543136.788	118.749	31.947	665278.820159	3535912.072284	6.1760
1598543136.788	118.749	31.947	665278.820135	3535912.076835	6.1759
1598543136.888	118.749	31.947	665278.820280	3535912.080251	6.1760
1598543136.888	118.749	31.947	665278.820534	3535912.082912	6.1760
1598543136.988	118.749	31.947	665278.820752	3535912.085321	6.1760
1598543136.988	118.749	31.947	665278.820946	3535912.087212	6.1760
1598543137.088	118.749	31.947	665278.821032	3535912.088301	6.1760
1598543137.088	118.749	31.947	665278.821088	3535912.088649	6.1760
1598543137.188	118.749	31.947	665278.820906	3535912.092193	6.1760
1598543137.188	118.749	31.947	665278.821070	3535912.087213	6.1760
1598543137.288	118.749	31.947	665278.820996	3535912.086828	6.1760
1598543137.288	118.749	31.947	665278.820969	3535912.087676	6.1760
1598543137.388	118.749	31.947	665278.821016	3535912.088451	6.1760
1598543137.388	118.749	31.947	665278.820807	3535912.090581	6.1760
1598543137.488	118.749	31.947	665278.820717	3535912.094238	6.1760
1598543137.488	118.749	31.947	665278.820246	3535912.099365	6.1760
1598543137.588	118.749	31.947	665278.819562	3535912.105784	6.1759
1598543137.588	118.749	31.947	665278.819024	3535912.114106	6.1759
1598543137.688	118.749	31.947	665278.818011	3535912.124043	6.1758
1598543137.688	118.749	31.947	665278.816961	3535912.135464	6.1758
1598543137.788	118.749	31.947	665278.815645	3535912.148988	6.1758
1598543137.788	118.749	31.947	665278.814427	3535912.164022	6.1757
1598543137.888	118.749	31.947	665278.812783	3535912.180719	6.1757
1598543137.888	118.749	31.947	665278.810910	3535912.199651	6.1756
1598543137.988	118.749	31.947	665278.808905	3535912.220044	6.1756
1598543137.988	118.749	31.947	665278.806517	3535912.241491	6.1755
1598543138.088	118.749	31.947	665278.803678	3535912.264415	6.1754
1598543138.088	118.749	31.947	665278.800583	3535912.288757	6.1754
1598543138.188	118.749	31.947	665278.798218	3535912.312213	6.1753
1598543138.188	118.749	31.947	665278.793920	3535912.342782	6.1753
1598543138.288	118.749	31.947	665278.790647	3535912.372197	6.1752
1598543138.288	118.749	31.947	665278.787352	3535912.402731	6.1752
1598543138.388	118.749	31.947	665278.783926	3535912.433852	6.1752
1598543138.388	118.749	31.947	665278.780192	3535912.465928	6.1752
1598543138.488	118.749	31.947	665278.776459	3535912.499776	6.1752
1598543138.488	118.749	31.947	665278.772686	3535912.533780	6.1753
1598543138.588	118.749	31.947	665278.768767	3535912.569011	6.1753
1598543138.588	118.749	31.947	665278.764681	3535912.604617	6.1754
1598543138.688	118.749	31.947	665278.760310	3535912.640903	6.1754
1598543138.688	118.749	31.947	665278.755592	3535912.678138	6.1754
1598543138.788	118.749	31.947	665278.750565	3535912.717419	6.1755
1598543138.788	118.749	31.947	665278.745736	3535912.756445	6.1756
1598543138.888	118.749	31.947	665278.741110	3535912.796583	6.1757
1598543138.888	118.749	31.947	665278.736719	3535912.836084	6.1758
1598543138.988	118.749	31.947	665278.732580	3535912.876358	6.1760
1598543138.988	118.749	31.947	665278.728174	3535912.917870	6.1761
1598543139.088	118.749	31.947	665278.723483	3535912.959371	6.1761
1598543139.088	118.749	31.947	665278.718137	3535913.001746	6.1762
1598543139.188	118.749	31.947	665278.713353	3535913.042970	6.1763
1598543139.188	118.749	31.947	665278.707720	3535913.088052	6.1764
1598543139.288	118.749	31.947	665278.703006	3535913.129984	6.1764
1598543139.288	118.749	31.947	665278.698398	3535913.171905	6.1765
1598543139.388	118.749	31.947	665278.693614	3535913.213214	6.1766
1598543139.388	118.749	31.947	665278.687866	3535913.255187	6.1766
1598543139.488	118.749	31.947	665278.682973	3535913.296061	6.1767
1598543139.488	118.749	31.947	665278.679552	3535913.336347	6.1767
1598543139.588	118.749	31.947	665278.676449	3535913.376811	6.1768
1598543139.588	118.749	31.947	665278.672889	3535913.413748	6.1769
1598543139.688	118.749	31.947	665278.668207	3535913.450568	6.1769
1598543139.688	118.749	31.947	665278.663355	3535913.485659	6.1770
1598543139.788	118.749	31.947	665278.659011	3535913.519091	6.1770
1598543139.788	118.749	31.947	665278.654606	3535913.552057	6.1771
1598543139.888	118.749	31.947	665278.650295	3535913.583968	6.1771
1598543139.888	118.749	31.947	665278.646128	3535913.612856	6.1772
1598543139.988	118.749	31.947	665278.641983	3535913.640125	6.1772
1598543139.988	118.749	31.947	665278.638045	3535913.666245	6.1772
1598543140.088	118.749	31.947	665278.635396	3535913.690862	6.1772
1598543140.088	118.749	31.947	665278.632595	3535913.714684	6.1772
1598543140.188	118.749	31.947	665278.629130	3535913.739230	6.1772
1598543140.188	118.749	31.947	665278.628181	3535913.755499	6.1772
1598543140.288	118.749	31.947	665278.626044	3535913.773139	6.1773
1598543140.288	118.749	31.947	665278.623877	3535913.789037	6.1774
1598543140.388	118.749	31.947	665278.621752	3535913.804091	6.1774
1598543140.388	118.749	31.947	665278.619396	3535913.819274	6.1773
1598543140.488	118.749	31.947	665278.617613	3535913.834458	6.1773
1598543140.488	118.749	31.947	665278.616275	3535913.849802	6.1774
1598543140.588	118.749	31.947	665278.614908	3535913.865143	6.1774
1598543140.588	118.749	31.947	665278.614016	3535913.880464	6.1774
1598543140.688	118.749	31.947	665278.613072	3535913.896450	6.1775
1598543140.688	118.749	31.947	665278.612142	3535913.914709	6.1776
1598543140.788	118.749	31.947	665278.611269	3535913.933661	6.1776
1598543140.788	118.749	31.947	665278.610170	3535913.953789	6.1777
1598543140.888	118.749	31.947	665278.608743	3535913.974098	6.1778
1598543140.888	118.749	31.947	665278.607143	3535913.994382	6.1779
1598543140.988	118.749	31.947	665278.605317	3535914.015992	6.1779
1598543140.988	118.749	31.947	665278.603401	3535914.038103	6.1779
1598543141.088	118.749	31.947	665278.600984	3535914.060784	6.1780
1598543141.088	118.749	31.947	665278.598925	3535914.083227	6.1780
1598543141.188	118.749	31.947	665278.597050	3535914.102699	6.1780
1598543141.188	118.749	31.947	665278.594274	3535914.126520	6.1781
1598543141.288	118.749	31.947	665278.591614	3535914.148565	6.1781
1598543141.288	118.749	31.947	665278.589550	3535914.169138	6.1781
1598543141.388	118.749	31.947	665278.587647	3535914.189781	6.1782
1598543141.388	118.749	31.947	665278.585835	3535914.209133	6.1782
1598543141.488	118.749	31.947	665278.583672	3535914.226910	6.1781
1598543141.488	118.749	31.947	665278.580975	3535914.243609	6.1782
1598543141.588	118.749	31.947	665278.578417	3535914.258924	6.1782
1598543141.588	118.749	31.947	665278.575984	3535914.272595	6.1782
1598543141.688	118.749	31.947	665278.573949	3535914.284602	6.1782
1598543141.688	118.749	31.947	665278.572227	3535914.295001	6.1783
1598543141.788	118.749	31.947	665278.570543	3535914.303825	6.1782
1598543141.788	118.749	31.947	665278.568919	3535914.311434	6.1782
1598543141.888	118.749	31.947	665278.567874	3535914.316997	6.1783
1598543141.888	118.749	31.947	665278.567402	3535914.321803	6.1783
1598543141.988	118.749	31.947	665278.566879	3535914.325586	6.1784
1598543141.988	118.749	31.947	665278.566437	3535914.328678	6.1784
1598543142.088	118.749	31.947	665278.566665	3535914.331740	6.1784
1598543142.088	118.749	31.947	665278.566981	3535914.334211	6.1785
1598543142.188	118.749	31.947	665278.566057	3535914.339354	6.1785
1598543142.188	118.749	31.947	665278.566598	3535914.340741	6.1785
1598543142.288	118.749	31.947	665278.568740	3535914.338065	6.1785
1598543142.288	118.749	31.947	665278.569412	3535914.337828	6.1786
1598543142.388	118.749	31.947	665278.569845	3535914.337772	6.1786
1598543142.388	118.749	31.947	665278.570151	3535914.337870	6.1786
1598543142.488	118.749	31.947	665278.570315	3535914.337656	6.1786
1598543142.488	118.749	31.947	665278.570539	3535914.337638	6.1786
1598543142.588	118.749	31.947	665278.570738	3535914.338246	6.1786
1598543142.588	118.749	31.947	665278.570763	3535914.339174	6.1786
1598543142.688	118.749	31.947	665278.570438	3535914.339575	6.1786
1598543142.688	118.749	31.947	665278.570220	3535914.339009	6.1786
1598543142.788	118.749	31.947	665278.570114	3535914.337994	6.1786
1598543142.788	118.749	31.947	665278.570144	3535914.337112	6.1786
1598543142.888	118.749	31.947	665278.570470	3535914.337037	6.1786
1598543142.888	118.749	31.947	665278.570476	3535914.338029	6.1787
1598543142.988	118.749	31.947	665278.570473	3535914.338652	6.1787
1598543142.988	118.749	31.947	665278.570220	3535914.340379	6.1788
1598543143.088	118.749	31.947	665278.569958	3535914.343175	6.1788
1598543143.088	118.749	31.947	665278.569815	3535914.346900	6.1788
1598543143.188	118.749	31.947	665278.569362	3535914.351327	6.1788
1598543143.188	118.749	31.947	665278.569010	3535914.357512	6.1788
1598543143.288	118.749	31.947	665278.568599	3535914.364269	6.1788
1598543143.288	118.749	31.947	665278.568088	3535914.372089	6.1789
1598543143.388	118.749	31.947	665278.567341	3535914.381231	6.1789
1598543143.388	118.749	31.947	665278.566486	3535914.390395	6.1789
1598543143.488	118.749	31.947	665278.565644	3535914.400783	6.1789
1598543143.488	118.749	31.947	665278.564750	3535914.410822	6.1789
1598543143.588	118.749	31.947	665278.563774	3535914.421132	6.1789
1598543143.588	118.749	31.947	665278.562866	3535914.431638	6.1789
1598543143.688	118.749	31.947	665278.561678	3535914.441434	6.1789
1598543143.688	118.749	31.947	665278.560962	3535914.450029	6.1789
1598543143.788	118.749	31.947	665278.560249	3535914.458680	6.1789
1598543143.788	118.749	31.947	665278.559313	3535914.467025	6.1789
1598543143.888	118.749	31.947	665278.558594	3535914.474666	6.1790
1598543143.888	118.749	31.947	665278.557943	3535914.480677	6.1790
1598543143.988	118.749	31.947	665278.557574	3535914.485216	6.1791
1598543143.988	118.749	31.947	665278.556946	3535914.489377	6.1791
1598543144.088	118.749	31.947	665278.556228	3535914.494042	6.1790
1598543144.088	118.749	31.947	665278.555543	3535914.498272	6.1789
1598543144.188	118.749	31.947	665278.554757	3535914.502857	6.1789
1598543144.188	118.749	31.947	665278.554060	3535914.502524	6.1790
1598543144.288	118.749	31.947	665278.553725	3535914.501284	6.1791
1598543144.288	118.749	31.947	665278.553865	3535914.498813	6.1790
1598543144.388	118.749	31.947	665278.554175	3535914.494636	6.1790
1598543144.388	118.749	31.947	665278.553998	3535914.491519	6.1790
1598543144.488	118.749	31.947	665278.553504	3535914.489460	6.1790
1598543144.488	118.749	31.947	665278.553051	3535914.487699	6.1790
1598543144.588	118.749	31.947	665278.552884	3535914.485951	6.1790
1598543144.588	118.749	31.947	665278.552986	3535914.483785	6.1790
1598543144.688	118.749	31.947	665278.553100	3535914.481690	6.1790
1598543144.688	118.749	31.947	665278.552968	3535914.480023	6.1790
1598543144.788	118.749	31.947	665278.552902	3535914.478756	6.1790
1598543144.788	118.749	31.947	665278.552772	3535914.478181	6.1790
1598543144.888	118.749	31.947	665278.552750	3535914.478473	6.1790
1598543144.888	118.749	31.947	665278.552727	3535914.478730	6.1790
1598543144.988	118.749	31.947	665278.552695	3535914.478803	6.1790
1598543144.988	118.749	31.947	665278.552858	3535914.478709	6.1790
1598543145.088	118.749	31.947	665278.553278	3535914.478768	6.1790
1598543145.088	118.749	31.947	665278.553515	3535914.478980	6.1790
1598543145.188	118.749	31.947	665278.553315	3535914.479092	6.1790
1598543145.188	118.749	31.947	665278.553687	3535914.479944	6.1790
1598543145.288	118.749	31.947	665278.553300	3535914.480532	6.1790
1598543145.288	118.749	31.947	665278.553090	3535914.480591	6.1790
1598543145.388	118.749	31.947	665278.552994	3535914.480486	6.1790
1598543145.388	118.749	31.947	665278.552938	3535914.480693	6.1789
1598543145.488	118.749	31.947	665278.552893	3535914.480720	6.1789
1598543145.488	118.749	31.947	665278.553025	3535914.480832	6.1789
1598543145.588	118.749	31.947	665278.553166	3535914.481036	6.1789
1598543145.588	118.749	31.947	665278.553055	3535914.481089	6.1789
1598543145.688	118.749	31.947	665278.553142	3535914.480838	6.1789
1598543145.688	118.749	31.947	665278.552902	3535914.480716	6.1789
1598543145.788	118.749	31.947	665278.552630	3535914.480657	6.1789
1598543145.788	118.749	31.947	665278.552746	3535914.480431	6.1789
1598543145.888	118.749	31.947	665278.552835	3535914.480295	6.1789
1598543145.888	118.749	31.947	665278.552950	3535914.480251	6.1788
1598543145.988	118.749	31.947	665278.552897	3535914.480155	6.1788
1598543145.988	118.749	31.947	665278.552999	3535914.479865	6.1788
1598543146.088	118.749	31.947	665278.553019	3535914.479699	6.1788
1598543146.088	118.749	31.947	665278.553322	3535914.479793	6.1787
1598543146.188	118.749	31.947	665278.553093	3535914.480134	6.1787
1598543146.188	118.749	31.947	665278.553950	3535914.480062	6.1787
1598543146.288	118.749	31.947	665278.554072	3535914.480041	6.1787
1598543146.288	118.749	31.947	665278.554205	3535914.479830	6.1787
1598543146.388	118.749	31.947	665278.554315	3535914.479609	6.1787
1598543146.388	118.749	31.947	665278.554422	3535914.479669	6.1787
1598543146.488	118.749	31.947	665278.554541	3535914.479799	6.1787
1598543146.488	118.749	31.947	665278.554697	3535914.480242	6.1787
1598543146.588	118.749	31.947	665278.554674	3535914.480671	6.1787
1598543146.588	118.749	31.947	665278.554607	3535914.481070	6.1787
1598543146.688	118.749	31.947	665278.554746	3535914.481187	6.1787
1598543146.688	118.749	31.947	665278.554640	3535914.480939	6.1787
1598543146.788	118.749	31.947	665278.554458	3535914.480777	6.1787
1598543146.788	118.749	31.947	665278.554244	3535914.480834	6.1787
1598543146.888	118.749	31.947	665278.554191	3535914.481082	6.1787
1598543146.888	118.749	31.947	665278.554082	3535914.481222	6.1787
1598543146.988	118.749	31.947	665278.553990	3535914.481187	6.1787
1598543146.988	118.749	31.947	665278.554117	3535914.481025	6.1787
1598543147.088	118.749	31.947	665278.554234	3535914.481044	6.1787
1598543147.088	118.749	31.947	665278.554367	3535914.481208	6.1787
1598543147.188	118.749	31.947	665278.554163	3535914.481777	6.1787
1598543147.188	118.749	31.947	665278.554354	3535914.481522	6.1787
1598543147.288	118.749	31.947	665278.554107	3535914.481481	6.1787
1598543147.288	118.749	31.947	665278.554327	3535914.481324	6.1787
1598543147.388	118.749	31.947	665278.554743	3535914.481112	6.1787
1598543147.388	118.749	31.947	665278.554700	3535914.481210	6.1787
1598543147.488	118.749	31.947	665278.554590	3535914.481400	6.1788
1598543147.488	118.749	31.947	665278.554502	3535914.481626	6.1788
1598543147.588	118.749	31.947	665278.554510	3535914.481652	6.1787
1598543147.588	118.749	31.947	665278.554338	3535914.481627	6.1787
1598543147.688	118.749	31.947	665278.554299	3535914.481910	6.1787
1598543147.688	118.749	31.947	665278.554018	3535914.482277	6.1788
1598543147.788	118.749	31.947	665278.553712	3535914.482668	6.1788
1598543147.788	118.749	31.947	665278.553623	3535914.482857	6.1788
1598543147.888	118.749	31.947	665278.553388	3535914.483195	6.1788
1598543147.888	118.749	31.947	665278.552892	3535914.483387	6.1788
1598543147.988	118.749	31.947	665278.552363	3535914.483495	6.1788
1598543147.988	118.749	31.947	665278.552027	3535914.484102	6.1788
1598543148.088	118.749	31.947	665278.551869	3535914.484633	6.1788
1598543148.088	118.749	31.947	665278.551413	3535914.484827	6.1788
1598543148.188	118.749	31.947	665278.550873	3535914.485695	6.1788
1598543148.188	118.749	31.947	665278.550713	3535914.484880	6.1788
1598543148.288	118.749	31.947	665278.550664	3535914.485252	6.1787
1598543148.288	118.749	31.947	665278.550790	3535914.485305	6.1787
1598543148.388	118.749	31.947	665278.550968	3535914.485320	6.1788
1598543148.388	118.749	31.947	665278.550903	3535914.485169	6.1788
1598543148.488	118.749	31.947	665278.551038	3535914.485206	6.1788
1598543148.488	118.749	31.947	665278.551393	3535914.484992	6.1788
1598543148.588	118.749	31.947	665278.551859	3535914.484697	6.1788
1598543148.588	118.749	31.947	665278.552180	3535914.484667	6.1788
1598543148.688	118.749	31.947	665278.552152	3535914.484499	6.1788
1598543148.688	118.749	31.947	665278.552280	3535914.484589	6.1788
1598543148.788	118.749	31.947	665278.552436	3535914.484696	6.1788
1598543148.788	118.749	31.947	665278.552466	3535914.484487	6.1788
1598543148.888	118.749	31.947	665278.552643	3535914.484349	6.1788
1598543148.888	118.749	31.947	665278.552560	3535914.484287	6.1789
1598543148.988	118.749	31.947	665278.552368	3535914.484284	6.1789
1598543148.988	118.749	31.947	665278.552488	3535914.483939	6.1789
1598543149.088	118.749	31.947	665278.552669	3535914.483726	6.1789
1598543149.088	118.749	31.947	665278.552834	3535914.483271	6.1789
1598543149.188	118.749	31.947	665278.552658	3535914.483768	6.1789
1598543149.188	118.749	31.947	665278.553145	3535914.482549	6.1788
1598543149.288	118.749	31.947	665278.553277	3535914.482209	6.1788
1598543149.288	118.749	31.947	665278.553509	3535914.482058	6.1788
1598543149.388	118.749	31.947	665278.553862	3535914.481920	6.1788
1598543149.388	118.749	31.947	665278.553985	3535914.481611	6.1788
1598543149.488	118.749	31.947	665278.554265	3535914.481546	6.1788
1598543149.488	118.749	31.947	665278.554401	3535914.481464	6.1788
1598543149.588	118.749	31.947	665278.554421	3535914.481458	6.1788
1598543149.588	118.749	31.947	665278.554574	3535914.481498	6.1788
1598543149.688	118.749	31.947	665278.554751	3535914.481583	6.1788
1598543149.688	118.749	31.947	665278.555018	3535914.481488	6.1788
1598543149.788	118.749	31.947	665278.555073	3535914.481393	6.1787
1598543149.788	118.749	31.947	665278.555653	3535914.481227	6.1787
1598543149.888	118.749	31.947	665278.556120	3535914.481031	6.1787
1598543149.888	118.749	31.947	665278.556410	3535914.480660	6.1787
1598543149.988	118.749	31.947	665278.556657	3535914.480244	6.1787
1598543149.988	118.749	31.947	665278.557003	3535914.480237	6.1787
1598543150.088	118.749	31.947	665278.557003	3535914.480350	6.1787
1598543150.088	118.749	31.947	665278.556749	3535914.480694	6.1787
1598543150.188	118.749	31.947	665278.556663	3535914.481188	6.1787
1598543150.188	118.749	31.947	665278.556564	3535914.481227	6.1787
1598543150.288	118.749	31.947	665278.557186	3535914.481498	6.1787
1598543150.288	118.749	31.947	665278.558047	3535914.481552	6.1787
1598543150.388	118.749	31.947	665278.558712	3535914.481505	6.1787
1598543150.388	118.749	31.947	665278.559055	3535914.481226	6.1787
1598543150.488	118.749	31.947	665278.559366	3535914.481030	6.1786
1598543150.488	118.749	31.947	665278.559494	3535914.481381	6.1786
1598543150.588	118.749	31.947	665278.559486	3535914.481797	6.1786
1598543150.588	118.749	31.947	665278.559734	3535914.481736	6.1786
1598543150.688	118.749	31.947	665278.559799	3535914.481593	6.1786
1598543150.688	118.749	31.947	665278.559626	3535914.481554	6.1786
1598543150.788	118.749	31.947	665278.559340	3535914.481460	6.1786
1598543150.788	118.749	31.947	665278.559238	3535914.481326	6.1786
1598543150.888	118.749	31.947	665278.559265	3535914.481601	6.1786
1598543150.888	118.749	31.947	665278.559070	3535914.481659	6.1786
1598543150.988	118.749	31.947	665278.558835	3535914.481623	6.1785
1598543150.988	118.749	31.947	665278.558924	3535914.481571	6.1785
1598543151.088	118.749	31.947	665278.559069	3535914.481393	6.1785
1598543151.088	118.749	31.947	665278.558972	3535914.481325	6.1785
1598543151.188	118.749	31.947	665278.558828	3535914.481939	6.1785
1598543151.188	118.749	31.947	665278.558745	3535914.481188	6.1785
1598543151.288	118.749	31.947	665278.558678	3535914.480927	6.1784
1598543151.288	118.749	31.947	665278.558457	3535914.481021	6.1785
1598543151.388	118.749	31.947	665278.558240	3535914.481108	6.1785
1598543151.388	118.749	31.947	665278.558284	3535914.481226	6.1785
1598543151.488	118.749	31.947	665278.558348	3535914.481475	6.1785
1598543151.488	118.749	31.947	665278.558371	3535914.481730	6.1785
1598543151.588	118.749	31.947	665278.558477	3535914.481826	6.1785
1598543151.588	118.749	31.947	665278.558447	3535914.481948	6.1785
1598543151.688	118.749	31.947	665278.558393	3535914.482267	6.1785
1598543151.688	118.749	31.947	665278.558262	3535914.482617	6.1785
1598543151.788	118.749	31.947	665278.558237	3535914.482835	6.1785
1598543151.788	118.749	31.947	665278.558243	3535914.483055	6.1785
1598543151.888	118.749	31.947	665278.558062	3535914.483410	6.1785
1598543151.888	118.749	31.947	665278.557408	3535914.483764	6.1785
1598543151.988	118.749	31.947	665278.556666	3535914.484166	6.1785
1598543151.988	118.749	31.947	665278.555957	3535914.484284	6.1785
1598543152.088	118.749	31.947	665278.555679	3535914.483789	6.1785
1598543152.088	118.749	31.947	665278.555223	3535914.483346	6.1785
1598543152.188	118.749	31.947	665278.554687	3535914.484100	6.1785
1598543152.188	118.749	31.947	665278.554235	3535914.483737	6.1785
1598543152.288	118.749	31.947	665278.554459	3535914.483176	6.1785
1598543152.288	118.749	31.947	665278.554617	3535914.482876	6.1785
1598543152.388	118.749	31.947	665278.555015	3535914.482218	6.1785
1598543152.388	118.749	31.947	665278.555204	3535914.481870	6.1785
1598543152.488	118.749	31.947	665278.555046	3535914.481594	6.1785
1598543152.488	118.749	31.947	665278.554832	3535914.481598	6.1785
1598543152.588	118.749	31.947	665278.554698	3535914.481660	6.1785
1598543152.588	118.749	31.947	665278.554793	3535914.481512	6.1785
1598543152.688	118.749	31.947	665278.554931	3535914.481386	6.1785
1598543152.688	118.749	31.947	665278.555044	3535914.481392	6.1785
1598543152.788	118.749	31.947	665278.554993	3535914.481506	6.1785
1598543152.788	118.749	31.947	665278.554695	3535914.481638	6.1785
1598543152.888	118.749	31.947	665278.554487	3535914.481385	6.1785
1598543152.888	118.749	31.947	665278.554544	3535914.481366	6.1784
1598543152.988	118.749	31.947	665278.554724	3535914.481250	6.1785
1598543152.988	118.749	31.947	665278.555056	3535914.481441	6.1785
1598543153.088	118.749	31.947	665278.555231	3535914.481614	6.1785
1598543153.088	118.749	31.947	665278.555194	3535914.481991	6.1785
1598543153.188	118.749	31.947	665278.554937	3535914.482709	6.1785
1598543153.188	118.749	31.947	665278.554920	3535914.483184	6.1785
1598543153.288	118.749	31.947	665278.554628	3535914.483356	6.1784
1598543153.288	118.749	31.947	665278.554048	3535914.483904	6.1784
1598543153.388	118.749	31.947	665278.553430	3535914.484647	6.1784
1598543153.388	118.749	31.947	665278.553115	3535914.485316	6.1784
1598543153.488	118.749	31.947	665278.552900	3535914.485772	6.1784
1598543153.488	118.749	31.947	665278.552294	3535914.486315	6.1784
1598543153.588	118.749	31.947	665278.551642	3535914.486738	6.1784
1598543153.588	118.749	31.947	665278.551326	3535914.487515	6.1785
1598543153.688	118.749	31.947	665278.551218	3535914.488295	6.1784
1598543153.688	118.749	31.947	665278.550961	3535914.489141	6.1785
1598543153.788	118.749	31.947	665278.550699	3535914.489791	6.1785
1598543153.788	118.749	31.947	665278.550769	3535914.490366	6.1785
1598543153.888	118.749	31.947	665278.550674	3535914.491225	6.1784
1598543153.888	118.749	31.947	665278.550384	3535914.491781	6.1785
1598543153.988	118.749	31.947	665278.550248	3535914.492227	6.1784
1598543153.988	118.749	31.947	665278.550574	3535914.492674	6.1784
1598543154.088	118.749	31.947	665278.550737	3535914.493496	6.1784
1598543154.088	118.749	31.947	665278.550846	3535914.494032	6.1784
1598543154.188	118.749	31.947	665278.550590	3535914.494991	6.1785
1598543154.188	118.749	31.947	665278.550567	3535914.495094	6.1785
1598543154.288	118.749	31.947	665278.550144	3535914.495726	6.1785
1598543154.288	118.749	31.947	665278.550184	3535914.496238	6.1785
1598543154.388	118.749	31.947	665278.550269	3535914.496778	6.1785
1598543154.388	118.749	31.947	665278.550498	3535914.497045	6.1785
1598543154.488	118.749	31.947	665278.550533	3535914.497326	6.1785
1598543154.488	118.749	31.947	665278.550452	3535914.497887	6.1785
1598543154.588	118.749	31.947	665278.550304	3535914.498464	6.1785
1598543154.588	118.749	31.947	665278.550267	3535914.498893	6.1784
1598543154.688	118.749	31.947	665278.550280	3535914.499036	6.1784
1598543154.688	118.749	31.947	665278.550490	3535914.499329	6.1785
1598543154.788	118.749	31.947	665278.550685	3535914.499730	6.1784
1598543154.788	118.749	31.947	665278.550462	3535914.499945	6.1784
1598543154.888	118.749	31.947	665278.550145	3535914.499867	6.1785
1598543154.888	118.749	31.947	665278.550136	3535914.499804	6.1784
1598543154.988	118.749	31.947	665278.550188	3535914.499851	6.1784
1598543154.988	118.749	31.947	665278.550208	3535914.500215	6.1785
1598543155.088	118.749	31.947	665278.550208	3535914.500534	6.1785
1598543155.088	118.749	31.947	665278.550199	3535914.500627	6.1785
1598543155.188	118.749	31.947	665278.550014	3535914.501209	6.1785
1598543155.188	118.749	31.947	665278.550512	3535914.500649	6.1785
1598543155.288	118.749	31.947	665278.550551	3535914.500727	6.1785
1598543155.288	118.749	31.947	665278.550188	3535914.500678	6.1785
1598543155.388	118.749	31.947	665278.549760	3535914.500648	6.1786
1598543155.388	118.749	31.947	665278.549717	3535914.500830	6.1786
1598543155.488	118.749	31.947	665278.549756	3535914.501554	6.1785
1598543155.488	118.749	31.947	665278.549726	3535914.502359	6.1785
1598543155.588	118.749	31.947	665278.549669	3535914.503250	6.1785
1598543155.588	118.749	31.947	665278.549478	3535914.503928	6.1785
1598543155.688	118.749	31.947	665278.548889	3535914.504109	6.1785
1598543155.688	118.749	31.947	665278.548208	3535914.504356	6.1785
1598543155.788	118.749	31.947	665278.547724	3535914.504786	6.1785
1598543155.788	118.749	31.947	665278.547676	3535914.505643	6.1785
1598543155.888	118.749	31.947	665278.547110	3535914.506240	6.1784
1598543155.888	118.749	31.947	665278.546444	3535914.506337	6.1784
1598543155.988	118.749	31.947	665278.545790	3535914.506306	6.1784
1598543155.988	118.749	31.947	665278.545751	3535914.506529	6.1784
1598543156.088	118.749	31.947	665278.545442	3535914.506698	6.1784
1598543156.088	118.749	31.947	665278.545013	3535914.506815	6.1784
1598543156.188	118.749	31.947	665278.544462	3535914.507420	6.1784
1598543156.188	118.749	31.947	665278.544018	3535914.507328	6.1784
1598543156.288	118.749	31.947	665278.543821	3535914.507649	6.1784
1598543156.288	118.749	31.947	665278.544042	3535914.507923	6.1784
1598543156.388	118.749	31.947	665278.544300	3535914.508258	6.1784
1598543156.388	118.749	31.947	665278.544129	3535914.508573	6.1784
1598543156.488	118.749	31.947	665278.543935	3535914.508941	6.1784
1598543156.488	118.749	31.947	665278.544303	3535914.509215	6.1784
1598543156.588	118.749	31.947	665278.544785	3535914.509539	6.1783
1598543156.588	118.749	31.947	665278.544775	3535914.510436	6.1783
1598543156.688	118.749	31.947	665278.544778	3535914.511145	6.1784
1598543156.688	118.749	31.947	665278.544918	3535914.511658	6.1784
1598543156.788	118.749	31.947	665278.545021	3535914.512099	6.1784
1598543156.788	118.749	31.947	665278.545035	3535914.512354	6.1783
1598543156.888	118.749	31.947	665278.545012	3535914.512500	6.1783
1598543156.888	118.749	31.947	665278.545119	3535914.512955	6.1784
1598543156.988	118.749	31.947	665278.545125	3535914.513517	6.1784
1598543156.988	118.749	31.947	665278.545370	3535914.513758	6.1784
1598543157.088	118.749	31.947	665278.546218	3535914.513723	6.1784
1598543157.088	118.749	31.947	665278.546645	3535914.513987	6.1784
1598543157.188	118.749	31.947	665278.546695	3535914.514689	6.1784
1598543157.188	118.749	31.947	665278.546763	3535914.515111	6.1784
1598543157.288	118.749	31.947	665278.546178	3535914.515736	6.1784
1598543157.288	118.749	31.947	665278.546058	3535914.515933	6.1783
1598543157.388	118.749	31.947	665278.546039	3535914.515960	6.1783
1598543157.388	118.749	31.947	665278.545858	3535914.516344	6.1783
1598543157.488	118.749	31.947	665278.545832	3535914.516736	6.1784
1598543157.488	118.749	31.947	665278.545617	3535914.517249	6.1784
1598543157.588	118.749	31.947	665278.545281	3535914.517815	6.1784
1598543157.588	118.749	31.947	665278.544862	3535914.518377	6.1784
1598543157.688	118.749	31.947	665278.544827	3535914.518599	6.1784
1598543157.688	118.749	31.947	665278.545093	3535914.519027	6.1784
1598543157.788	118.749	31.947	665278.545306	3535914.519578	6.1784
1598543157.788	118.749	31.947	665278.545325	3535914.519948	6.1784
1598543157.888	118.749	31.947	665278.545339	3535914.520224	6.1784
1598543157.888	118.749	31.947	665278.545522	3535914.520595	6.1784
1598543157.988	118.749	31.947	665278.545779	3535914.520989	6.1784
1598543157.988	118.749	31.947	665278.546023	3535914.521728	6.1784
1598543158.088	118.749	31.947	665278.545860	3535914.522470	6.1784
1598543158.088	118.749	31.947	665278.545736	3535914.522916	6.1784
1598543158.188	118.749	31.947	665278.545612	3535914.523726	6.1784
1598543158.188	118.749	31.947	665278.545215	3535914.523719	6.1785
1598543158.288	118.749	31.947	665278.544683	3535914.524060	6.1785
1598543158.288	118.749	31.947	665278.544317	3535914.524945	6.1785
1598543158.388	118.749	31.947	665278.543966	3535914.525796	6.1785
1598543158.388	118.749	31.947	665278.543935	3535914.526003	6.1785
1598543158.488	118.749	31.947	665278.543636	3535914.526174	6.1786
1598543158.488	118.749	31.947	665278.543073	3535914.526619	6.1785
1598543158.588	118.749	31.947	665278.542602	3535914.527182	6.1786
1598543158.588	118.749	31.947	665278.542424	3535914.527751	6.1786
1598543158.688	118.749	31.947	665278.542525	3535914.528284	6.1786
1598543158.688	118.749	31.947	665278.542293	3535914.528838	6.1786
1598543158.788	118.749	31.947	665278.541961	3535914.529264	6.1786
1598543158.788	118.749	31.947	665278.541773	3535914.529818	6.1786
1598543158.888	118.749	31.947	665278.541677	3535914.530468	6.1786
1598543158.888	118.749	31.947	665278.541548	3535914.531127	6.1786
1598543158.988	118.749	31.947	665278.541499	3535914.531774	6.1786
1598543158.988	118.749	31.947	665278.541395	3535914.532526	6.1785
1598543159.088	118.749	31.947	665278.541785	3535914.533187	6.1786
1598543159.088	118.749	31.947	665278.542411	3535914.533716	6.1786
1598543159.188	118.749	31.947	665278.542255	3535914.534644	6.1786
1598543159.188	118.749	31.947	665278.543322	3535914.534615	6.1786
1598543159.288	118.749	31.947	665278.543291	3535914.534876	6.1786
1598543159.288	118.749	31.947	665278.543503	3535914.534950	6.1786
1598543159.388	118.749	31.947	665278.543773	3535914.535094	6.1786
1598543159.388	118.749	31.947	665278.544103	3535914.535469	6.1786
1598543159.488	118.749	31.947	665278.544327	3535914.535162	6.1787
1598543159.488	118.749	31.947	665278.544058	3535914.534867	6.1787
1598543159.588	118.749	31.947	665278.543708	3535914.534744	6.1787
1598543159.588	118.749	31.947	665278.543330	3535914.534281	6.1787
1598543159.688	118.749	31.947	665278.542928	3535914.534066	6.1787
1598543159.688	118.749	31.947	665278.542586	3535914.534211	6.1787
1598543159.788	118.749	31.947	665278.542290	3535914.534438	6.1787
1598543159.788	118.749	31.947	665278.541932	3535914.534698	6.1787
1598543159.888	118.749	31.947	665278.541532	3535914.534875	6.1787
1598543159.888	118.749	31.947	665278.541193	3535914.534910	6.1787
1598543159.988	118.749	31.947	665278.541191	3535914.535130	6.1787
1598543159.988	118.749	31.947	665278.541245	3535914.535416	6.1787
1598543160.088	118.749	31.947	665278.541153	3535914.536034	6.1787
1598543160.088	118.749	31.947	665278.541429	3535914.536246	6.1787
1598543160.188	118.749	31.947	665278.541193	3535914.536761	6.1787
1598543160.188	118.749	31.947	665278.541820	3535914.536626	6.1787
1598543160.288	118.749	31.947	665278.541703	3535914.537032	6.1787
1598543160.288	118.749	31.947	665278.541628	3535914.537872	6.1787
1598543160.388	118.749	31.947	665278.541654	3535914.538727	6.1787
1598543160.388	118.749	31.947	665278.541393	3535914.539652	6.1787
1598543160.488	118.749	31.947	665278.541095	3535914.540560	6.1787
1598543160.488	118.749	31.947	665278.541025	3535914.541334	6.1787
1598543160.588	118.749	31.947	665278.541028	3535914.541992	6.1787
1598543160.588	118.749	31.947	665278.541026	3535914.542662	6.1788
1598543160.688	118.749	31.947	665278.540833	3535914.543545	6.1788
1598543160.688	118.749	31.947	665278.540338	3535914.544384	6.1788
1598543160.788	118.749	31.947	665278.539720	3535914.545104	6.1788
1598543160.788	118.749	31.947	665278.539390	3535914.545655	6.1788
1598543160.888	118.749	31.947	665278.539049	3535914.546453	6.1788
1598543160.888	118.749	31.947	665278.538995	3535914.547160	6.1788
1598543160.988	118.749	31.947	665278.539000	3535914.547826	6.1788
1598543160.988	118.749	31.947	665278.538886	3535914.548287	6.1788
1598543161.088	118.749	31.947	665278.538977	3535914.548571	6.1789
1598543161.088	118.749	31.947	665278.538830	3535914.548696	6.1789
1598543161.188	118.749	31.947	665278.538565	3535914.549549	6.1789
1598543161.188	118.749	31.947	665278.539025	3535914.549188	6.1788
1598543161.288	118.749	31.947	665278.538964	3535914.549345	6.1789
1598543161.288	118.749	31.947	665278.538935	3535914.549623	6.1789
1598543161.388	118.749	31.947	665278.539005	3535914.549871	6.1789
1598543161.388	118.749	31.947	665278.538839	3535914.550008	6.1789
1598543161.488	118.749	31.947	665278.538218	3535914.550032	6.1789
1598543161.488	118.749	31.947	665278.537839	3535914.549910	6.1789
1598543161.588	118.749	31.947	665278.537554	3535914.549865	6.1789
1598543161.588	118.749	31.947	665278.537300	3535914.550088	6.1789
1598543161.688	118.749	31.947	665278.537371	3535914.550508	6.1790
1598543161.688	118.749	31.947	665278.537428	3535914.550717	6.1790
1598543161.788	118.749	31.947	665278.537476	3535914.550812	6.1790
1598543161.788	118.749	31.947	665278.537581	3535914.551134	6.1790
1598543161.888	118.749	31.947	665278.537522	3535914.551565	6.1790
1598543161.888	118.749	31.947	665278.537523	3535914.551672	6.1790
1598543161.988	118.749	31.947	665278.537538	3535914.551738	6.1790
1598543161.988	118.749	31.947	665278.537537	3535914.551934	6.1790
1598543162.088	118.749	31.947	665278.537559	3535914.552127	6.1790
1598543162.088	118.749	31.947	665278.537594	3535914.552233	6.1790
1598543162.188	118.749	31.947	665278.537421	3535914.552716	6.1790
1598543162.188	118.749	31.947	665278.537428	3535914.552869	6.1790
1598543162.288	118.749	31.947	665278.537289	3535914.552708	6.1790
1598543162.288	118.749	31.947	665278.537125	3535914.553089	6.1790
1598543162.388	118.749	31.947	665278.536987	3535914.553643	6.1790
1598543162.388	118.749	31.947	665278.536825	3535914.554096	6.1790
1598543162.487	118.749	31.947	665278.536850	3535914.554435	6.1790
1598543162.488	118.749	31.947	665278.536914	3535914.554692	6.1790
1598543162.588	118.749	31.947	665278.536970	3535914.554957	6.1790
1598543162.588	118.749	31.947	665278.536985	3535914.555212	6.1790
1598543162.688	118.749	31.947	665278.536917	3535914.555607	6.1790
1598543162.688	118.749	31.947	665278.536894	3535914.556125	6.1790
1598543162.788	118.749	31.947	665278.536865	3535914.556661	6.1790
1598543162.788	118.749	31.947	665278.537096	3535914.557120	6.1791
1598543162.888	118.749	31.947	665278.537130	3535914.557342	6.1791
1598543162.888	118.749	31.947	665278.536797	3535914.557771	6.1791
1598543162.988	118.749	31.947	665278.536434	3535914.558297	6.1791
1598543162.988	118.749	31.947	665278.536233	3535914.558667	6.1791
1598543163.088	118.749	31.947	665278.536181	3535914.559246	6.1791
1598543163.088	118.749	31.947	665278.536091	3535914.559591	6.1791
1598543163.188	118.749	31.947	665278.535891	3535914.560264	6.1791
1598543163.188	118.749	31.947	665278.536056	3535914.560585	6.1791
1598543163.288	118.749	31.947	665278.536303	3535914.561126	6.1791
1598543163.288	118.749	31.947	665278.536512	3535914.561703	6.1792
1598543163.388	118.749	31.947	665278.536818	3535914.562284	6.1792
1598543163.388	118.749	31.947	665278.536718	3535914.562856	6.1792
1598543163.488	118.749	31.947	665278.536175	3535914.563522	6.1792
1598543163.488	118.749	31.947	665278.535775	3535914.563819	6.1792
1598543163.588	118.749	31.947	665278.535426	3535914.564164	6.1792
1598543163.588	118.749	31.947	665278.535312	3535914.564643	6.1792
1598543163.688	118.749	31.947	665278.535298	3535914.565244	6.1792
1598543163.688	118.749	31.947	665278.535174	3535914.565616	6.1792
1598543163.788	118.749	31.947	665278.535003	3535914.566010	6.1792
1598543163.788	118.749	31.947	665278.534965	3535914.566587	6.1792
1598543163.888	118.749	31.947	665278.534776	3535914.567230	6.1792
1598543163.888	118.749	31.947	665278.534445	3535914.567895	6.1792
1598543163.988	118.749	31.947	665278.534147	3535914.568667	6.1792
1598543163.988	118.749	31.947	665278.533966	3535914.569421	6.1792
1598543164.088	118.749	31.947	665278.533992	3535914.569604	6.1793
1598543164.088	118.749	31.947	665278.534411	3535914.569436	6.1793
1598543164.188	118.749	31.947	665278.534234	3535914.570140	6.1793
1598543164.188	118.749	31.947	665278.535455	3535914.569462	6.1793
1598543164.288	118.749	31.947	665278.535668	3535914.569513	6.1793
1598543164.288	118.749	31.947	665278.535688	3535914.569688	6.1793
1598543164.388	118.749	31.947	665278.535682	3535914.569912	6.1793
1598543164.388	118.749	31.947	665278.535667	3535914.570016	6.1793
1598543164.488	118.749	31.947	665278.535649	3535914.570171	6.1793
1598543164.488	118.749	31.947	665278.535795	3535914.570674	6.1793
1598543164.588	118.749	31.947	665278.535946	3535914.571220	6.1793
1598543164.588	118.749	31.947	665278.535892	3535914.571746	6.1793
1598543164.688	118.749	31.947	665278.535942	3535914.572526	6.1793
1598543164.688	118.749	31.947	665278.535986	3535914.573170	6.1793
1598543164.788	118.749	31.947	665278.535938	3535914.573845	6.1793
1598543164.788	118.749	31.947	665278.535788	3535914.574394	6.1793
1598543164.887	118.749	31.947	665278.535765	3535914.574632	6.1793
1598543164.888	118.749	31.947	665278.535778	3535914.574772	6.1793
1598543164.988	118.749	31.947	665278.535667	3535914.574958	6.1793
1598543164.988	118.749	31.947	665278.535673	3535914.575152	6.1793
1598543165.088	118.749	31.947	665278.535500	3535914.575345	6.1793
1598543165.088	118.749	31.947	665278.535114	3535914.576100	6.1793
1598543165.188	118.749	31.947	665278.534931	3535914.576749	6.1793
1598543165.188	118.749	31.947	665278.534302	3535914.577283	6.1793
1598543165.288	118.749	31.947	665278.533638	3535914.577413	6.1792
1598543165.288	118.749	31.947	665278.533211	3535914.577553	6.1792
1598543165.388	118.749	31.947	665278.532955	3535914.577764	6.1793
1598543165.388	118.749	31.947	665278.532988	3535914.577961	6.1793
1598543165.488	118.749	31.947	665278.533071	3535914.578086	6.1793
1598543165.488	118.749	31.947	665278.532807	3535914.578529	6.1793
1598543165.588	118.749	31.947	665278.532469	3535914.578956	6.1793
1598543165.588	118.749	31.947	665278.532081	3535914.579216	6.1793
1598543165.688	118.749	31.947	665278.532081	3535914.579377	6.1793
1598543165.688	118.749	31.947	665278.532219	3535914.579800	6.1793
1598543165.787	118.749	31.947	665278.532322	3535914.580262	6.1793
1598543165.788	118.749	31.947	665278.532434	3535914.580715	6.1793
1598543165.888	118.749	31.947	665278.532477	3535914.580972	6.1793
1598543165.888	118.749	31.947	665278.532824	3535914.581217	6.1793
1598543165.988	118.749	31.947	665278.532717	3535914.581797	6.1793
1598543165.988	118.749	31.947	665278.533484	3535914.581641	6.1793
1598543166.088	118.749	31.947	665278.534279	3535914.581951	6.1794
1598543166.088	118.749	31.947	665278.534742	3535914.582484	6.1794
1598543166.188	118.749	31.947	665278.534858	3535914.583066	6.1794
1598543166.188	118.749	31.947	665278.535089	3535914.583380	6.1793
1598543166.288	118.749	31.947	665278.535080	3535914.583576	6.1794
1598543166.288	118.749	31.947	665278.534984	3535914.583959	6.1794
1598543166.388	118.749	31.947	665278.534869	3535914.584410	6.1794
1598543166.388	118.749	31.947	665278.534466	3535914.584659	6.1794
1598543166.487	118.749	31.947	665278.534012	3535914.585193	6.1794
1598543166.488	118.749	31.947	665278.533786	3535914.586165	6.1794
1598543166.588	118.749	31.947	665278.533611	3535914.587024	6.1794
1598543166.588	118.749	31.947	665278.533315	3535914.587581	6.1794
1598543166.688	118.749	31.947	665278.533136	3535914.588319	6.1794
1598543166.688	118.749	31.947	665278.533323	3535914.588979	6.1794
1598543166.787	118.749	31.947	665278.533523	3535914.589549	6.1795
1598543166.788	118.749	31.947	665278.533841	3535914.589638	6.1795
1598543166.888	118.749	31.947	665278.533820	3535914.590083	6.1795
1598543166.888	118.749	31.947	665278.533754	3535914.590992	6.1794
1598543166.987	118.749	31.947	665278.533649	3535914.591921	6.1795
1598543166.988	118.749	31.947	665278.533719	3535914.592276	6.1795
1598543167.088	118.749	31.947	665278.533740	3535914.592405	6.1795
1598543167.088	118.749	31.947	665278.533861	3535914.592929	6.1795
1598543167.188	118.749	31.947	665278.533739	3535914.593817	6.1795
1598543167.188	118.749	31.947	665278.533847	3535914.594242	6.1795
1598543167.288	118.749	31.947	665278.533557	3535914.595296	6.1796
1598543167.288	118.749	31.947	665278.533283	3535914.596931	6.1795
1598543167.388	118.749	31.947	665278.532999	3535914.598663	6.1795
1598543167.388	118.749	31.947	665278.532723	3535914.600603	6.1795
1598543167.487	118.749	31.947	665278.532731	3535914.602719	6.1796
1598543167.488	118.749	31.947	665278.532529	3535914.605839	6.1796
1598543167.588	118.749	31.947	665278.532145	3535914.609324	6.1796
1598543167.588	118.749	31.947	665278.531499	3535914.614263	6.1796
1598543167.688	118.749	31.947	665278.530834	3535914.620213	6.1797
1598543167.688	118.749	31.947	665278.530000	3535914.627511	6.1797
1598543167.787	118.749	31.947	665278.529031	3535914.636178	6.1797
1598543167.788	118.749	31.947	665278.528040	3535914.646146	6.1798
1598543167.887	118.749	31.947	665278.526949	3535914.657593	6.1798
1598543167.888	118.749	31.947	665278.525798	3535914.671078	6.1799
1598543167.988	118.749	31.947	665278.524610	3535914.685939	6.1800
1598543167.988	118.749	31.947	665278.523090	3535914.702378	6.1800
1598543168.087	118.749	31.947	665278.521207	3535914.719606	6.1801
1598543168.088	118.749	31.947	665278.519140	3535914.738124	6.1802
1598543168.188	118.749	31.947	665278.517242	3535914.757580	6.1802
1598543168.188	118.749	31.947	665278.514282	3535914.779811	6.1802
1598543168.288	118.749	31.947	665278.511640	3535914.802570	6.1802
1598543168.288	118.749	31.947	665278.508639	3535914.826897	6.1803
1598543168.388	118.749	31.947	665278.505423	3535914.851981	6.1803
1598543168.388	118.749	31.947	665278.502285	3535914.878193	6.1804
1598543168.487	118.749	31.947	665278.499445	3535914.906739	6.1804
1598543168.488	118.749	31.947	665278.496701	3535914.934619	6.1805
1598543168.587	118.749	31.947	665278.493654	3535914.965289	6.1806
1598543168.588	118.749	31.947	665278.490425	3535914.996207	6.1807
1598543168.688	118.749	31.947	665278.487933	3535915.027438	6.1808
1598543168.688	118.749	31.947	665278.484856	3535915.059881	6.1809
1598543168.788	118.749	31.947	665278.481805	3535915.092635	6.1810
1598543168.788	118.749	31.947	665278.478913	3535915.125816	6.1811
1598543168.888	118.749	31.947	665278.475900	3535915.160199	6.1812
1598543168.888	118.749	31.947	665278.472410	3535915.194812	6.1813
1598543168.988	118.749	31.947	665278.468615	3535915.230264	6.1814
1598543168.988	118.749	31.947	665278.464331	3535915.266997	6.1815
1598543169.088	118.749	31.947	665278.460078	3535915.304098	6.1816
1598543169.088	118.749	31.947	665278.455794	3535915.341794	6.1817
1598543169.187	118.749	31.947	665278.451904	3535915.378453	6.1817
1598543169.188	118.749	31.947	665278.446894	3535915.418137	6.1818
1598543169.288	118.749	31.947	665278.442463	3535915.455317	6.1819
1598543169.288	118.749	31.947	665278.438490	3535915.491079	6.1820
1598543169.388	118.749	31.947	665278.434697	3535915.526285	6.1821
1598543169.388	118.749	31.947	665278.431575	3535915.559181	6.1822
1598543169.487	118.749	31.947	665278.428824	3535915.588038	6.1822
1598543169.488	118.749	31.947	665278.425847	3535915.613515	6.1823
1598543169.587	118.749	31.947	665278.422942	3535915.638345	6.1823
1598543169.588	118.749	31.947	665278.420294	3535915.659332	6.1823
1598543169.688	118.749	31.947	665278.418177	3535915.675909	6.1822
1598543169.688	118.749	31.947	665278.416413	3535915.688261	6.1822
1598543169.788	118.749	31.947	665278.414651	3535915.700706	6.1821
1598543169.788	118.749	31.947	665278.412801	3535915.709382	6.1821
1598543169.887	118.749	31.947	665278.411083	3535915.712384	6.1821
1598543169.888	118.749	31.947	665278.410385	3535915.708304	6.1821
1598543169.988	118.749	31.947	665278.408368	3535915.720160	6.1822
1598543169.988	118.749	31.947	665278.406602	3535915.730810	6.1822
1598543170.088	118.749	31.947	665278.408343	3535915.711934	6.1822
1598543170.088	118.749	31.947	665278.410610	3535915.693761	6.1821
1598543170.188	118.749	31.947	665278.409983	3535915.695362	6.1821
1598543170.188	118.749	31.947	665278.414190	3535915.664572	6.1821
1598543170.287	118.749	31.947	665278.416279	3535915.650863	6.1821
1598543170.288	118.749	31.947	665278.418106	3535915.640995	6.1821
1598543170.388	118.749	31.947	665278.419996	3535915.633950	6.1821
1598543170.388	118.749	31.947	665278.421210	3535915.629234	6.1821
1598543170.488	118.749	31.947	665278.422073	3535915.625871	6.1821
1598543170.488	118.749	31.947	665278.422758	3535915.623816	6.1821
1598543170.588	118.749	31.947	665278.423377	3535915.622797	6.1822
1598543170.588	118.749	31.947	665278.423903	3535915.622911	6.1822
1598543170.688	118.749	31.947	665278.424478	3535915.623304	6.1821
1598543170.688	118.749	31.947	665278.425163	3535915.623696	6.1821
1598543170.788	118.749	31.947	665278.425679	3535915.624078	6.1822
1598543170.788	118.749	31.947	665278.425730	3535915.624589	6.1821
1598543170.888	118.749	31.947	665278.425872	3535915.625449	6.1821
1598543170.888	118.749	31.947	665278.426183	3535915.626434	6.1821
1598543170.987	118.749	31.947	665278.426415	3535915.627728	6.1821
1598543170.988	118.749	31.947	665278.426458	3535915.628857	6.1821
1598543171.088	118.749	31.947	665278.426396	3535915.629521	6.1821
1598543171.088	118.749	31.947	665278.426342	3535915.630202	6.1821
1598543171.188	118.749	31.947	665278.426571	3535915.630322	6.1821
1598543171.188	118.749	31.947	665278.425951	3535915.631301	6.1821
1598543171.288	118.749	31.947	665278.425798	3535915.631888	6.1821
1598543171.288	118.749	31.947	665278.425955	3535915.632403	6.1821
1598543171.388	118.749	31.947	665278.426046	3535915.632801	6.1821
1598543171.388	118.749	31.947	665278.425877	3535915.633381	6.1820
1598543171.488	118.749	31.947	665278.425945	3535915.633804	6.1821
1598543171.488	118.749	31.947	665278.426148	3535915.634101	6.1820
1598543171.587	118.749	31.947	665278.426432	3535915.634342	6.1820
1598543171.588	118.749	31.947	665278.426192	3535915.634994	6.1820
1598543171.688	118.749	31.947	665278.425860	3535915.635775	6.1820
1598543171.688	118.749	31.947	665278.426037	3535915.636406	6.1821
1598543171.788	118.749	31.947	665278.426282	3535915.636988	6.1821
1598543171.788	118.749	31.947	665278.426147	3535915.637303	6.1820
1598543171.888	118.749	31.947	665278.426133	3535915.637731	6.1821
1598543171.888	118.749	31.947	665278.426192	3535915.638419	6.1821
1598543171.988	118.749	31.947	665278.426187	3535915.639216	6.1821
1598543171.988	118.749	31.947	665278.425848	3535915.639750	6.1821
1598543172.087	118.749	31.947	665278.425837	3535915.640054	6.1821
1598543172.088	118.749	31.947	665278.425875	3535915.640618	6.1821
1598543172.188	118.749	31.947	665278.425777	3535915.641313	6.1821
1598543172.188	118.749	31.947	665278.425759	3535915.641859	6.1821
1598543172.287	118.749	31.947	665278.426288	3535915.642142	6.1821
1598543172.288	118.749	31.947	665278.426372	3535915.642371	6.1821
1598543172.388	118.749	31.947	665278.426458	3535915.642129	6.1821
1598543172.388	118.749	31.947	665278.426467	3535915.642236	6.1822
1598543172.488	118.749	31.947	665278.426556	3535915.642563	6.1822
1598543172.488	118.749	31.947	665278.426607	3535915.642653	6.1821
1598543172.588	118.749	31.947	665278.426673	3535915.642758	6.1821
1598543172.588	118.749	31.947	665278.426988	3535915.642853	6.1821
1598543172.688	118.749	31.947	665278.427074	3535915.643063	6.1821
1598543172.688	118.749	31.947	665278.426802	3535915.643218	6.1821
1598543172.788	118.749	31.947	665278.426503	3535915.643490	6.1821
1598543172.788	118.749	31.947	665278.426449	3535915.643729	6.1821
1598543172.888	118.749	31.947	665278.426489	3535915.644019	6.1821
1598543172.888	118.749	31.947	665278.426523	3535915.644213	6.1821
1598543172.988	118.749	31.947	665278.426557	3535915.644424	6.1821
1598543172.988	118.749	31.947	665278.426317	3535915.644699	6.1821
1598543173.087	118.749	31.947	665278.425904	3535915.645023	6.1821
1598543173.087	118.749	31.947	665278.425490	3535915.645155	6.1821
1598543173.188	118.749	31.947	665278.425295	3535915.645630	6.1821
1598543173.188	118.749	31.947	665278.425315	3535915.645670	6.1821
1598543173.288	118.749	31.947	665278.425362	3535915.645891	6.1821
1598543173.288	118.749	31.947	665278.425216	3535915.646148	6.1821
1598543173.388	118.749	31.947	665278.424999	3535915.646501	6.1821
1598543173.388	118.749	31.947	665278.425246	3535915.646644	6.1822
1598543173.488	118.749	31.947	665278.425323	3535915.646718	6.1821
1598543173.488	118.749	31.947	665278.425252	3535915.647003	6.1822
1598543173.588	118.749	31.947	665278.425273	3535915.647345	6.1822
1598543173.588	118.749	31.947	665278.425743	3535915.647674	6.1822
1598543173.687	118.749	31.947	665278.426122	3535915.648053	6.1822
1598543173.688	118.749	31.947	665278.426429	3535915.648548	6.1822
1598543173.787	118.749	31.947	665278.426743	3535915.649074	6.1822
1598543173.788	118.749	31.947	665278.426693	3535915.649373	6.1822
1598543173.888	118.749	31.947	665278.426832	3535915.649746	6.1822
1598543173.888	118.749	31.947	665278.427022	3535915.650348	6.1822
1598543173.988	118.749	31.947	665278.427251	3535915.651011	6.1823
1598543173.988	118.749	31.947	665278.427263	3535915.651689	6.1823
1598543174.087	118.749	31.947	665278.427251	3535915.651931	6.1823
1598543174.088	118.749	31.947	665278.427555	3535915.652130	6.1823
1598543174.187	118.749	31.947	665278.427594	3535915.652726	6.1823
1598543174.187	118.749	31.947	665278.427787	3535915.652569	6.1824
1598543174.288	118.749	31.947	665278.427634	3535915.652811	6.1824
1598543174.288	118.749	31.947	665278.427599	3535915.653046	6.1824
1598543174.387	118.749	31.947	665278.427618	3535915.653160	6.1824
1598543174.388	118.749	31.947	665278.427622	3535915.653511	6.1825
1598543174.488	118.749	31.947	665278.427668	3535915.653685	6.1824
1598543174.488	118.749	31.947	665278.427240	3535915.654133	6.1825
1598543174.588	118.749	31.947	665278.426656	3535915.654575	6.1825
1598543174.588	118.749	31.947	665278.426178	3535915.655074	6.1825
1598543174.688	118.749	31.947	665278.426098	3535915.655935	6.1825
1598543174.688	118.749	31.947	665278.426116	3535915.656806	6.1826
1598543174.787	118.749	31.947	665278.426149	3535915.657831	6.1826
1598543174.788	118.749	31.947	665278.426168	3535915.658601	6.1826
1598543174.888	118.749	31.947	665278.426224	3535915.658917	6.1826
1598543174.888	118.749	31.947	665278.426150	3535915.659247	6.1826
1598543174.988	118.749	31.947	665278.426116	3535915.659700	6.1826
1598543174.988	118.749	31.947	665278.426005	3535915.660894	6.1827
1598543175.088	118.749	31.947	665278.425849	3535915.662200	6.1827
1598543175.088	118.749	31.947	665278.425663	3535915.662583	6.1827
1598543175.187	118.749	31.947	665278.425613	3535915.662956	6.1827
1598543175.188	118.749	31.947	665278.424854	3535915.663348	6.1828
1598543175.288	118.749	31.947	665278.424355	3535915.664409	6.1828
1598543175.288	118.749	31.947	665278.424072	3535915.665468	6.1828
1598543175.388	118.749	31.947	665278.423854	3535915.666491	6.1829
1598543175.388	118.749	31.947	665278.423274	3535915.666905	6.1829
1598543175.487	118.749	31.947	665278.423038	3535915.666832	6.1829
1598543175.488	118.749	31.947	665278.423170	3535915.666492	6.1829
1598543175.588	118.749	31.947	665278.423400	3535915.665612	6.1829
1598543175.588	118.749	31.947	665278.423554	3535915.663999	6.1829
1598543175.688	118.749	31.947	665278.423908	3535915.661598	6.1829
1598543175.688	118.749	31.947	665278.425025	3535915.658190	6.1829
1598543175.788	118.749	31.947	665278.426130	3535915.654009	6.1829
1598543175.788	118.749	31.947	665278.426962	3535915.649177	6.1829
1598543175.887	118.749	31.947	665278.427442	3535915.643783	6.1829
1598543175.888	118.749	31.947	665278.427718	3535915.638038	6.1828
1598543175.988	118.749	31.947	665278.428036	3535915.631592	6.1828
1598543175.988	118.749	31.947	665278.428772	3535915.624763	6.1827
1598543176.088	118.749	31.947	665278.429970	3535915.617237	6.1827
1598543176.088	118.749	31.947	665278.430519	3535915.609350	6.1827
1598543176.187	118.749	31.947	665278.431251	3535915.601688	6.1827
1598543176.188	118.749	31.947	665278.431523	3535915.591779	6.1826
1598543176.288	118.749	31.947	665278.432418	3535915.581704	6.1826
1598543176.288	118.749	31.947	665278.433422	3535915.571219	6.1825
1598543176.388	118.749	31.947	665278.434409	3535915.560186	6.1824
1598543176.388	118.749	31.947	665278.435326	3535915.549061	6.1824
1598543176.488	118.749	31.947	665278.436577	3535915.537841	6.1824
1598543176.488	118.749	31.947	665278.437695	3535915.525800	6.1823
1598543176.587	118.749	31.947	665278.438936	3535915.512959	6.1823
1598543176.588	118.749	31.947	665278.440194	3535915.499888	6.1822
1598543176.688	118.749	31.947	665278.441953	3535915.486047	6.1822
1598543176.688	118.749	31.947	665278.443652	3535915.472745	6.1822
1598543176.788	118.749	31.947	665278.445502	3535915.459361	6.1821
1598543176.788	118.749	31.947	665278.447308	3535915.445794	6.1821
1598543176.888	118.749	31.947	665278.448862	3535915.432778	6.1821
1598543176.888	118.749	31.947	665278.450411	3535915.420049	6.1820
1598543176.987	118.749	31.947	665278.451970	3535915.407567	6.1821
1598543176.988	118.749	31.947	665278.453528	3535915.397785	6.1820
1598543177.087	118.749	31.947	665278.455294	3535915.389363	6.1819
1598543177.088	118.749	31.947	665278.456807	3535915.381210	6.1819
1598543177.188	118.749	31.947	665278.457356	3535915.379670	6.1820
1598543177.188	118.749	31.947	665278.459265	3535915.367393	6.1820
1598543177.288	118.749	31.947	665278.460423	3535915.360885	6.1820
1598543177.288	118.749	31.947	665278.461296	3535915.356206	6.1820
1598543177.388	118.749	31.947	665278.462041	3535915.352437	6.1820
1598543177.388	118.749	31.947	665278.462462	3535915.352181	6.1820
1598543177.488	118.749	31.947	665278.462331	3535915.354803	6.1820
1598543177.488	118.749	31.947	665278.462149	3535915.359154	6.1820
1598543177.587	118.749	31.947	665278.461667	3535915.366173	6.1821
1598543177.588	118.749	31.947	665278.460888	3535915.372330	6.1821
1598543177.687	118.749	31.947	665278.460204	3535915.377040	6.1822
1598543177.687	118.749	31.947	665278.459734	3535915.380210	6.1822
1598543177.788	118.749	31.947	665278.459179	3535915.383195	6.1822
1598543177.788	118.749	31.947	665278.458074	3535915.386357	6.1823
1598543177.888	118.749	31.947	665278.457232	3535915.389536	6.1823
1598543177.888	118.749	31.947	665278.456665	3535915.392373	6.1823
1598543177.987	118.749	31.947	665278.456188	3535915.394569	6.1824
1598543177.988	118.749	31.947	665278.455887	3535915.395875	6.1824
1598543178.087	118.749	31.947	665278.455363	3535915.396938	6.1824
1598543178.088	118.749	31.947	665278.454899	3535915.397561	6.1825
1598543178.188	118.749	31.947	665278.454520	3535915.399291	6.1825
1598543178.188	118.749	31.947	665278.453933	3535915.398853	6.1826
1598543178.287	118.749	31.947	665278.453000	3535915.399572	6.1826
1598543178.288	118.749	31.947	665278.452288	3535915.400541	6.1826
1598543178.387	118.749	31.947	665278.451746	3535915.401274	6.1826
1598543178.387	118.749	31.947	665278.451325	3535915.401883	6.1826
1598543178.487	118.749	31.947	665278.451098	3535915.402541	6.1827
1598543178.487	118.749	31.947	665278.450871	3535915.402969	6.1827
1598543178.587	118.749	31.947	665278.450522	3535915.403449	6.1827
1598543178.588	118.749	31.947	665278.450498	3535915.403949	6.1827
1598543178.687	118.749	31.947	665278.450602	3535915.404096	6.1827
1598543178.688	118.749	31.947	665278.450725	3535915.404033	6.1827
