1598545530.559	118.749	31.948	665291.168485	3536001.976420	3.4771
1598545530.659	118.749	31.948	665290.826167	3536000.934689	3.4770
1598545530.759	118.749	31.948	665290.490733	3535999.916919	3.4771
1598545530.859	118.749	31.948	665290.152511	3535998.900845	3.4773
1598545530.959	118.749	31.948	665289.981461	3535998.393411	3.4776
1598545530.959	118.749	31.948	665289.814680	3535997.899085	3.4780
1598545531.059	118.749	31.948	665289.648108	3535997.406494	3.4785
1598545531.059	118.749	31.948	665289.481388	3535996.905630	3.4792
1598545531.159	118.749	31.948	665289.318708	3535996.417781	3.4796
1598545531.159	118.749	31.948	665289.156993	3535995.933912	3.4801
1598545531.259	118.749	31.948	665288.991867	3535995.443341	3.4805
1598545531.259	118.749	31.948	665288.831177	3535994.965760	3.4808
1598545531.359	118.749	31.948	665288.671916	3535994.490871	3.4811
1598545531.359	118.749	31.948	665288.512498	3535994.009782	3.4814
1598545531.459	118.749	31.948	665288.358704	3535993.542745	3.4819
1598545531.459	118.749	31.948	665288.203173	3535993.077582	3.4823
1598545531.559	118.749	31.948	665288.045371	3535992.606633	3.4827
1598545531.559	118.749	31.948	665287.892329	3535992.150239	3.4829
1598545531.659	118.749	31.948	665287.738978	3535991.702222	3.4829
1598545531.659	118.749	31.948	665287.584035	3535991.243930	3.4828
1598545531.759	118.749	31.948	665287.434143	3535990.802394	3.4826
1598545531.759	118.749	31.948	665287.284675	3535990.364312	3.4823
1598545531.859	118.749	31.948	665287.133640	3535989.920700	3.4819
1598545531.859	118.749	31.948	665286.987120	3535989.489098	3.4814
1598545531.959	118.749	31.948	665286.841363	3535989.061908	3.4808
1598545531.959	118.749	31.948	665286.693624	3535988.629941	3.4804
1598545532.059	118.749	31.948	665286.551276	3535988.208821	3.4801
1598545532.059	118.749	31.948	665286.411172	3535987.791268	3.4799
1598545532.159	118.749	31.948	665286.269812	3535987.369370	3.4798
1598545532.159	118.749	31.948	665286.129734	3535986.960450	3.4795
1598545532.259	118.749	31.948	665285.994889	3535986.557940	3.4793
1598545532.259	118.749	31.948	665285.857313	3535986.147985	3.4790
1598545532.359	118.749	31.948	665285.726893	3535985.753060	3.4787
1598545532.359	118.749	31.948	665285.597696	3535985.361643	3.4784
1598545532.459	118.749	31.948	665285.466959	3535984.965492	3.4780
1598545532.459	118.749	31.948	665285.341885	3535984.581128	3.4778
1598545532.559	118.749	31.948	665285.219923	3535984.201520	3.4777
1598545532.559	118.749	31.948	665285.100421	3535983.821019	3.4777
1598545532.659	118.749	31.948	665284.980233	3535983.449012	3.4778
1598545532.659	118.749	31.948	665284.859424	3535983.078815	3.4778
1598545532.759	118.749	31.948	665284.743316	3535982.709156	3.4780
1598545532.759	118.749	31.948	665284.626946	3535982.350246	3.4784
1598545532.859	118.749	31.948	665284.510293	3535981.992300	3.4790
1598545532.859	118.749	31.948	665284.393495	3535981.634555	3.4795
1598545532.959	118.749	31.948	665284.280221	3535981.289139	3.4801
1598545532.959	118.749	31.948	665284.169243	3535980.947114	3.4805
1598545533.059	118.749	31.948	665284.057959	3535980.604477	3.4811
1598545533.059	118.749	31.948	665283.947368	3535980.267759	3.4816
1598545533.159	118.749	31.948	665283.837712	3535979.939113	3.4820
1598545533.159	118.749	31.948	665283.725412	3535979.612782	3.4823
1598545533.259	118.749	31.948	665283.617550	3535979.293413	3.4827
1598545533.259	118.749	31.948	665283.510534	3535978.973528	3.4831
1598545533.359	118.749	31.948	665283.401654	3535978.661379	3.4835
1598545533.359	118.749	31.948	665283.296361	3535978.350244	3.4839
1598545533.459	118.749	31.948	665283.192372	3535978.049608	3.4843
1598545533.459	118.749	31.948	665283.087190	3535977.740552	3.4846
1598545533.559	118.749	31.948	665282.985392	3535977.444287	3.4848
1598545533.559	118.749	31.948	665282.881456	3535977.146525	3.4851
1598545533.659	118.749	31.948	665282.782197	3535976.859182	3.4854
1598545533.659	118.749	31.948	665282.683468	3535976.571974	3.4857
1598545533.759	118.749	31.948	665282.585486	3535976.283634	3.4860
1598545533.759	118.749	31.948	665282.493063	3535976.006503	3.4862
1598545533.859	118.749	31.948	665282.397916	3535975.729711	3.4863
1598545533.859	118.749	31.948	665282.301955	3535975.449240	3.4865
1598545533.959	118.749	31.948	665282.209013	3535975.178508	3.4866
1598545533.959	118.749	31.948	665282.118620	3535974.912403	3.4864
1598545534.059	118.749	31.948	665282.026444	3535974.643590	3.4862
1598545534.059	118.749	31.948	665281.937537	3535974.382473	3.4858
1598545534.159	118.749	31.948	665281.849664	3535974.126016	3.4854
1598545534.159	118.749	31.948	665281.762139	3535973.868561	3.4849
1598545534.259	118.749	31.948	665281.676830	3535973.617761	3.4844
1598545534.259	118.749	31.948	665281.592309	3535973.368547	3.4840
1598545534.359	118.749	31.948	665281.508161	3535973.118646	3.4837
1598545534.359	118.749	31.948	665281.427379	3535972.876195	3.4835
1598545534.459	118.749	31.948	665281.347392	3535972.637500	3.4832
1598545534.459	118.749	31.948	665281.265648	3535972.394193	3.4828
1598545534.559	118.749	31.948	665281.187221	3535972.160291	3.4826
1598545534.559	118.749	31.948	665281.110123	3535971.927500	3.4823
1598545534.659	118.749	31.948	665281.031091	3535971.691674	3.4820
1598545534.659	118.749	31.948	665280.954121	3535971.461650	3.4817
1598545534.759	118.749	31.948	665280.878303	3535971.234293	3.4815
1598545534.759	118.749	31.948	665280.800896	3535971.005578	3.4812
1598545534.859	118.749	31.948	665280.725213	3535970.781559	3.4810
1598545534.859	118.749	31.948	665280.650261	3535970.557796	3.4810
1598545534.959	118.749	31.948	665280.574450	3535970.332509	3.4811
1598545534.959	118.749	31.948	665280.500739	3535970.113157	3.4813
1598545535.059	118.749	31.948	665280.427282	3535969.893187	3.4816
1598545535.059	118.749	31.948	665280.352787	3535969.670959	3.4818
1598545535.159	118.749	31.948	665280.280611	3535969.454644	3.4820
1598545535.159	118.749	31.948	665280.208796	3535969.238723	3.4822
1598545535.259	118.749	31.948	665280.134217	3535969.018465	3.4823
1598545535.259	118.749	31.948	665280.061442	3535968.803916	3.4825
1598545535.359	118.749	31.948	665279.990230	3535968.590553	3.4827
1598545535.359	118.749	31.948	665279.917016	3535968.374377	3.4827
1598545535.459	118.749	31.948	665279.843910	3535968.160685	3.4827
1598545535.459	118.749	31.948	665279.774234	3535967.955898	3.4827
1598545535.559	118.749	31.948	665279.701864	3535967.745497	3.4827
1598545535.559	118.749	31.948	665279.631699	3535967.541173	3.4827
1598545535.659	118.749	31.948	665279.563024	3535967.339192	3.4826
1598545535.659	118.749	31.948	665279.494398	3535967.136330	3.4827
1598545535.759	118.749	31.948	665279.428071	3535966.939665	3.4828
1598545535.759	118.749	31.948	665279.362052	3535966.745025	3.4828
1598545535.859	118.749	31.948	665279.294338	3535966.550423	3.4825
1598545535.859	118.749	31.948	665279.229471	3535966.362441	3.4821
1598545535.959	118.749	31.948	665279.167648	3535966.177481	3.4818
1598545535.959	118.749	31.948	665279.106684	3535965.992194	3.4817
1598545536.059	118.749	31.948	665279.047635	3535965.813282	3.4817
1598545536.059	118.749	31.948	665278.989660	3535965.641151	3.4816
1598545536.159	118.749	31.948	665278.932028	3535965.469024	3.4814
1598545536.159	118.749	31.948	665278.876486	3535965.305146	3.4811
1598545536.259	118.749	31.948	665278.820775	3535965.142163	3.4808
1598545536.259	118.749	31.948	665278.768316	3535964.986153	3.4805
1598545536.359	118.749	31.948	665278.716607	3535964.835066	3.4803
1598545536.359	118.749	31.948	665278.665112	3535964.684311	3.4801
1598545536.459	118.749	31.948	665278.616479	3535964.540819	3.4801
1598545536.459	118.749	31.948	665278.569405	3535964.400738	3.4803
1598545536.559	118.749	31.948	665278.522336	3535964.262752	3.4807
1598545536.559	118.749	31.948	665278.477323	3535964.131208	3.4810
1598545536.659	118.749	31.948	665278.434587	3535964.003271	3.4813
1598545536.659	118.749	31.948	665278.393236	3535963.875617	3.4818
1598545536.759	118.749	31.948	665278.351366	3535963.751909	3.4824
1598545536.759	118.749	31.948	665278.313205	3535963.635124	3.4831
1598545536.859	118.749	31.948	665278.274720	3535963.519857	3.4840
1598545536.859	118.749	31.948	665278.237263	3535963.410379	3.4850
1598545536.959	118.749	31.948	665278.200609	3535963.300799	3.4859
1598545536.959	118.749	31.948	665278.164453	3535963.196076	3.4869
1598545537.059	118.749	31.948	665278.128802	3535963.095787	3.4880
1598545537.059	118.749	31.948	665278.152916	3535963.040949	3.4891
1598545537.159	118.749	31.948	665278.118195	3535962.940769	3.4903
1598545537.159	118.749	31.948	665278.142013	3535962.911104	3.4915
1598545537.259	118.749	31.948	665278.125136	3535962.842396	3.4928
1598545537.259	118.749	31.948	665278.095929	3535962.763191	3.4943
1598545537.359	118.749	31.948	665278.064694	3535962.684165	3.4959
1598545537.359	118.749	31.948	665278.032653	3535962.604851	3.4975
1598545537.459	118.749	31.948	665277.999504	3535962.524881	3.4991
1598545537.459	118.749	31.948	665277.967000	3535962.445077	3.5007
1598545537.559	118.749	31.948	665277.934029	3535962.365703	3.5022
1598545537.559	118.749	31.948	665277.900107	3535962.284135	3.5038
1598545537.659	118.749	31.948	665277.866311	3535962.204619	3.5053
1598545537.659	118.749	31.948	665277.833777	3535962.124229	3.5068
1598545537.759	118.749	31.948	665277.800402	3535962.042243	3.5083
1598545537.759	118.749	31.948	665277.767882	3535961.963345	3.5098
1598545537.859	118.749	31.948	665277.735537	3535961.883029	3.5111
1598545537.859	118.749	31.948	665277.702749	3535961.801038	3.5125
1598545537.959	118.749	31.948	665277.670453	3535961.720685	3.5136
1598545537.959	118.749	31.948	665277.637900	3535961.640927	3.5145
1598545538.059	118.749	31.948	665277.604816	3535961.560338	3.5152
1598545538.059	118.749	31.948	665277.572985	3535961.481677	3.5156
1598545538.159	118.749	31.948	665277.541415	3535961.405035	3.5159
1598545538.159	118.749	31.948	665277.509462	3535961.324050	3.5161
1598545538.259	118.749	31.948	665277.477850	3535961.246152	3.5161
1598545538.259	118.749	31.948	665277.446705	3535961.168402	3.5160
1598545538.359	118.749	31.948	665277.415288	3535961.089450	3.5158
1598545538.359	118.749	31.948	665277.384465	3535961.011950	3.5153
1598545538.459	118.749	31.948	665277.353424	3535960.933854	3.5147
1598545538.459	118.749	31.948	665277.322767	3535960.854658	3.5142
1598545538.559	118.749	31.948	665277.293764	3535960.776852	3.5137
1598545538.559	118.749	31.948	665277.264597	3535960.698755	3.5132
1598545538.659	118.749	31.948	665277.235998	3535960.618636	3.5126
1598545538.659	118.749	31.948	665277.208817	3535960.541260	3.5120
1598545538.759	118.749	31.948	665277.182552	3535960.464071	3.5113
1598545538.759	118.749	31.948	665277.157080	3535960.386101	3.5106
1598545538.859	118.749	31.948	665277.132345	3535960.310392	3.5100
1598545538.859	118.749	31.948	665277.106868	3535960.234356	3.5095
1598545538.959	118.749	31.948	665277.082183	3535960.160451	3.5091
1598545538.959	118.749	31.948	665277.056539	3535960.087074	3.5087
1598545539.059	118.749	31.948	665277.030788	3535960.013173	3.5082
1598545539.059	118.749	31.948	665277.006342	3535959.942187	3.5078
1598545539.159	118.749	31.948	665276.982192	3535959.873433	3.5075
1598545539.159	118.749	31.948	665276.957789	3535959.801577	3.5073
1598545539.259	118.749	31.948	665276.934223	3535959.732899	3.5072
1598545539.259	118.749	31.948	665276.910430	3535959.665404	3.5070
1598545539.359	118.749	31.948	665276.886444	3535959.597634	3.5068
1598545539.359	118.749	31.948	665276.864674	3535959.531910	3.5066
1598545539.459	118.749	31.948	665276.842874	3535959.467465	3.5065
1598545539.459	118.749	31.948	665276.820610	3535959.403322	3.5065
1598545539.559	118.749	31.948	665276.799120	3535959.341503	3.5064
1598545539.559	118.749	31.948	665276.777648	3535959.280404	3.5063
1598545539.659	118.749	31.948	665276.756043	3535959.220109	3.5061
1598545539.659	118.749	31.948	665276.735261	3535959.162860	3.5060
1598545539.759	118.749	31.948	665276.715463	3535959.107149	3.5059
1598545539.759	118.749	31.948	665276.696152	3535959.051333	3.5059
1598545539.859	118.749	31.948	665276.676865	3535958.998056	3.5058
1598545539.859	118.749	31.948	665276.657538	3535958.945156	3.5058
1598545539.959	118.749	31.948	665276.638395	3535958.892144	3.5057
1598545539.959	118.749	31.948	665276.619840	3535958.842186	3.5055
1598545540.059	118.749	31.948	665276.602944	3535958.793516	3.5053
1598545540.059	118.749	31.948	665276.586284	3535958.745118	3.5051
1598545540.159	118.749	31.948	665276.569749	3535958.700501	3.5050
1598545540.159	118.749	31.948	665276.556360	3535958.655199	3.5049
1598545540.259	118.749	31.948	665276.543031	3535958.611519	3.5048
1598545540.259	118.749	31.948	665276.529968	3535958.570486	3.5048
1598545540.359	118.749	31.948	665276.516800	3535958.531708	3.5047
1598545540.359	118.749	31.948	665276.502541	3535958.494561	3.5045
1598545540.459	118.749	31.948	665276.488975	3535958.459586	3.5043
1598545540.459	118.749	31.948	665276.476257	3535958.424735	3.5042
1598545540.559	118.749	31.948	665276.464054	3535958.390576	3.5041
1598545540.559	118.749	31.948	665276.452529	3535958.358825	3.5040
1598545540.659	118.749	31.948	665276.442072	3535958.331537	3.5038
1598545540.659	118.749	31.948	665276.429914	3535958.299254	3.5036
1598545540.759	118.749	31.948	665276.418974	3535958.270163	3.5035
1598545540.759	118.749	31.948	665276.408874	3535958.241204	3.5035
1598545540.859	118.749	31.948	665276.398809	3535958.212121	3.5034
1598545540.859	118.749	31.948	665276.387652	3535958.182677	3.5033
1598545540.959	118.749	31.948	665276.378040	3535958.153832	3.5032
1598545540.959	118.749	31.948	665276.369474	3535958.125468	3.5030
1598545541.059	118.749	31.948	665276.359998	3535958.097017	3.5028
1598545541.059	118.749	31.948	665276.350681	3535958.068019	3.5027
1598545541.159	118.749	31.948	665276.339839	3535958.038417	3.5025
1598545541.159	118.749	31.948	665276.331476	3535958.009503	3.5025
1598545541.259	118.749	31.948	665276.321483	3535957.980990	3.5024
1598545541.259	118.749	31.948	665276.310910	3535957.951056	3.5024
1598545541.359	118.749	31.948	665276.300368	3535957.921388	3.5023
1598545541.359	118.749	31.948	665276.289709	3535957.891536	3.5021
1598545541.459	118.749	31.948	665276.278957	3535957.860460	3.5019
1598545541.459	118.749	31.948	665276.268723	3535957.829959	3.5017
1598545541.559	118.749	31.948	665276.257855	3535957.800670	3.5015
1598545541.559	118.749	31.948	665276.247582	3535957.766285	3.5013
1598545541.659	118.749	31.948	665276.237447	3535957.733884	3.5011
1598545541.659	118.749	31.948	665276.226513	3535957.700604	3.5010
1598545541.759	118.749	31.948	665276.215717	3535957.667951	3.5008
1598545541.759	118.749	31.948	665276.204543	3535957.633322	3.5006
1598545541.859	118.749	31.948	665276.193512	3535957.602330	3.5004
1598545541.859	118.749	31.948	665276.182159	3535957.570249	3.5003
1598545541.959	118.749	31.948	665276.170701	3535957.538600	3.5002
1598545541.959	118.749	31.948	665276.158796	3535957.506940	3.5000
1598545542.059	118.749	31.948	665276.147599	3535957.475713	3.4998
1598545542.059	118.749	31.948	665276.136820	3535957.444597	3.4997
1598545542.159	118.749	31.948	665276.125516	3535957.413895	3.4995
1598545542.159	118.749	31.948	665276.115102	3535957.383241	3.4993
1598545542.259	118.749	31.948	665276.104570	3535957.352942	3.4992
1598545542.259	118.749	31.948	665276.093981	3535957.322971	3.4991
1598545542.359	118.749	31.948	665276.084519	3535957.292336	3.4990
1598545542.359	118.749	31.948	665276.075048	3535957.262328	3.4988
1598545542.459	118.749	31.948	665276.066254	3535957.232761	3.4986
1598545542.459	118.749	31.948	665276.057349	3535957.204691	3.4985
1598545542.559	118.749	31.948	665276.048206	3535957.177622	3.4984
1598545542.559	118.749	31.948	665276.038822	3535957.150448	3.4982
1598545542.659	118.749	31.948	665276.030322	3535957.125685	3.4981
1598545542.659	118.749	31.948	665276.021991	3535957.101525	3.4981
1598545542.759	118.749	31.948	665276.013615	3535957.077391	3.4980
1598545542.759	118.749	31.948	665276.005568	3535957.054671	3.4978
1598545542.859	118.749	31.948	665275.997866	3535957.033014	3.4976
1598545542.859	118.749	31.948	665275.990333	3535957.012663	3.4975
1598545542.959	118.749	31.948	665275.983147	3535956.993171	3.4974
1598545542.959	118.749	31.948	665275.976977	3535956.975042	3.4973
1598545543.059	118.749	31.948	665275.971005	3535956.958238	3.4972
1598545543.059	118.749	31.948	665275.964761	3535956.942064	3.4971
1598545543.159	118.749	31.948	665275.960195	3535956.928338	3.4970
1598545543.159	118.749	31.948	665275.953959	3535956.912476	3.4970
1598545543.259	118.749	31.948	665275.953748	3535956.906228	3.4969
1598545543.259	118.749	31.948	665275.951537	3535956.896951	3.4968
1598545543.359	118.749	31.948	665275.949189	3535956.888012	3.4967
1598545543.359	118.749	31.948	665275.949501	3535956.883330	3.4965
1598545543.459	118.749	31.948	665275.947338	3535956.874621	3.4964
1598545543.459	118.749	31.948	665275.944008	3535956.864556	3.4963
1598545543.559	118.749	31.948	665275.940229	3535956.853933	3.4962
1598545543.559	118.749	31.948	665275.936469	3535956.842712	3.4962
1598545543.659	118.749	31.948	665275.932491	3535956.831046	3.4961
1598545543.659	118.749	31.948	665275.928633	3535956.819400	3.4960
1598545543.759	118.749	31.948	665275.924458	3535956.806797	3.4959
1598545543.759	118.749	31.948	665275.920076	3535956.793068	3.4958
1598545543.859	118.749	31.948	665275.915522	3535956.778795	3.4957
1598545543.859	118.749	31.948	665275.911099	3535956.765166	3.4956
1598545543.959	118.749	31.948	665275.906576	3535956.751736	3.4955
1598545543.959	118.749	31.948	665275.902106	3535956.738582	3.4954
1598545544.059	118.749	31.948	665275.897746	3535956.725631	3.4953
1598545544.059	118.749	31.948	665275.893335	3535956.713428	3.4953
1598545544.159	118.749	31.948	665275.891394	3535956.708367	3.4952
1598545544.159	118.749	31.948	665275.886112	3535956.692311	3.4952
1598545544.259	118.749	31.948	665275.883672	3535956.683666	3.4952
1598545544.259	118.749	31.948	665275.881303	3535956.676403	3.4952
1598545544.359	118.749	31.948	665275.878360	3535956.668559	3.4951
1598545544.359	118.749	31.948	665275.875746	3535956.661244	3.4950
1598545544.459	118.749	31.948	665275.874213	3535956.656611	3.4949
1598545544.459	118.749	31.948	665275.873786	3535956.655162	3.4949
1598545544.559	118.749	31.948	665275.871480	3535956.649189	3.4950
1598545544.559	118.749	31.948	665275.877240	3535956.665423	3.4950
1598545544.659	118.749	31.948	665275.880178	3535956.673680	3.4949
1598545544.659	118.749	31.948	665275.882666	3535956.680202	3.4948
1598545544.759	118.749	31.948	665275.884708	3535956.685450	3.4947
1598545544.759	118.749	31.948	665275.886280	3535956.689429	3.4947
1598545544.859	118.749	31.948	665275.887714	3535956.693555	3.4947
1598545544.859	118.749	31.948	665275.888703	3535956.697250	3.4946
1598545544.959	118.749	31.948	665275.889248	3535956.700442	3.4946
1598545544.959	118.749	31.948	665275.889888	3535956.703058	3.4945
1598545545.059	118.749	31.948	665275.890239	3535956.704323	3.4944
1598545545.059	118.749	31.948	665275.890161	3535956.705180	3.4944
1598545545.159	118.749	31.948	665275.890680	3535956.708094	3.4944
1598545545.159	118.749	31.948	665275.889605	3535956.705490	3.4943
1598545545.259	118.749	31.948	665275.889197	3535956.704937	3.4943
1598545545.259	118.749	31.948	665275.888485	3535956.704253	3.4943
1598545545.359	118.749	31.948	665275.887800	3535956.704096	3.4942
1598545545.359	118.749	31.948	665275.887001	3535956.703767	3.4942
1598545545.459	118.749	31.948	665275.886363	3535956.702757	3.4941
1598545545.459	118.749	31.948	665275.885980	3535956.701647	3.4941
1598545545.559	118.749	31.948	665275.885592	3535956.700556	3.4940
1598545545.559	118.749	31.948	665275.885043	3535956.699501	3.4940
1598545545.659	118.749	31.948	665275.884292	3535956.698460	3.4939
1598545545.659	118.749	31.948	665275.883773	3535956.698099	3.4939
1598545545.759	118.749	31.948	665275.883456	3535956.697784	3.4938
1598545545.759	118.749	31.948	665275.883308	3535956.695950	3.4938
1598545545.859	118.749	31.948	665275.883023	3535956.696435	3.4938
1598545545.859	118.749	31.948	665275.882763	3535956.695730	3.4937
1598545545.959	118.749	31.948	665275.882415	3535956.694080	3.4937
1598545545.959	118.749	31.948	665275.882023	3535956.692612	3.4937
1598545546.059	118.749	31.948	665275.882110	3535956.691027	3.4936
1598545546.059	118.749	31.948	665275.882297	3535956.689589	3.4936
