1598544406.570	118.758	31.973	666119.597612	3538836.249894	0.0912
1598544406.670	118.758	31.973	666119.637534	3538836.710517	0.0912
1598544406.770	118.758	31.973	666119.674628	3538837.169094	0.0914
1598544406.870	118.758	31.973	666119.712527	3538837.619381	0.0914
1598544406.970	118.758	31.973	666119.731562	3538837.847398	0.0913
1598544406.970	118.758	31.973	666119.750191	3538838.070574	0.0913
1598544407.070	118.758	31.973	666119.768431	3538838.292780	0.0913
1598544407.070	118.758	31.973	666119.786303	3538838.518845	0.0914
1598544407.170	118.758	31.973	666119.804698	3538838.740465	0.0915
1598544407.170	118.758	31.973	666119.823561	3538838.964204	0.0914
1598544407.270	118.758	31.973	666119.842513	3538839.182959	0.0913
1598544407.270	118.758	31.973	666119.860335	3538839.401628	0.0913
1598544407.370	118.758	31.973	666119.878015	3538839.624412	0.0913
1598544407.370	118.758	31.973	666119.894910	3538839.842041	0.0914
1598544407.470	118.758	31.973	666119.912291	3538840.059730	0.0914
1598544407.470	118.758	31.973	666119.929827	3538840.280929	0.0915
1598544407.570	118.758	31.973	666119.947477	3538840.496869	0.0914
1598544407.570	118.758	31.973	666119.964662	3538840.711644	0.0913
1598544407.670	118.758	31.973	666119.980806	3538840.930523	0.0914
1598544407.670	118.758	31.973	666119.996764	3538841.144762	0.0915
1598544407.770	118.758	31.973	666120.013035	3538841.358233	0.0917
1598544407.770	118.758	31.973	666120.030260	3538841.575415	0.0917
1598544407.870	118.758	31.973	666120.048053	3538841.787769	0.0918
1598544407.870	118.758	31.973	666120.065730	3538841.999278	0.0919
1598544407.970	118.758	31.973	666120.083483	3538842.214524	0.0921
1598544407.970	118.758	31.973	666120.100478	3538842.424546	0.0924
1598544408.070	118.758	31.973	666120.117230	3538842.633903	0.0926
1598544408.070	118.758	31.973	666120.134981	3538842.846931	0.0927
1598544408.170	118.758	31.973	666120.151958	3538843.055648	0.0930
1598544408.170	118.758	31.973	666120.170809	3538843.261945	0.0933
1598544408.270	118.758	31.973	666120.188830	3538843.472707	0.0936
1598544408.270	118.758	31.973	666120.205889	3538843.678558	0.0939
1598544408.370	118.758	31.973	666120.223388	3538843.884515	0.0943
1598544408.370	118.758	31.973	666120.239183	3538844.092307	0.0946
1598544408.470	118.758	31.973	666120.256154	3538844.295866	0.0949
1598544408.470	118.758	31.973	666120.273843	3538844.498697	0.0951
1598544408.570	118.758	31.973	666120.292276	3538844.705002	0.0953
1598544408.570	118.758	31.973	666120.311149	3538844.907544	0.0955
1598544408.670	118.758	31.973	666120.330789	3538845.114813	0.0958
1598544408.670	118.758	31.973	666120.349782	3538845.317340	0.0959
1598544408.770	118.758	31.973	666120.369279	3538845.519215	0.0961
1598544408.770	118.758	31.973	666120.387956	3538845.723672	0.0963
1598544408.870	118.758	31.973	666120.405979	3538845.922728	0.0964
1598544408.870	118.758	31.973	666120.424234	3538846.121317	0.0965
1598544408.970	118.758	31.973	666120.442839	3538846.323092	0.0966
1598544408.970	118.758	31.973	666120.461093	3538846.520999	0.0968
1598544409.070	118.758	31.973	666120.479162	3538846.718490	0.0968
1598544409.070	118.758	31.973	666120.496412	3538846.919300	0.0969
1598544409.170	118.758	31.973	666120.514085	3538847.115631	0.0970
1598544409.170	118.758	31.973	666120.529438	3538847.310303	0.0970
1598544409.270	118.758	31.973	666120.546443	3538847.508786	0.0971
1598544409.270	118.758	31.973	666120.563849	3538847.702588	0.0972
1598544409.370	118.758	31.973	666120.580965	3538847.895931	0.0973
1598544409.370	118.758	31.973	666120.598338	3538848.092517	0.0973
1598544409.470	118.758	31.974	666120.615481	3538848.284678	0.0973
1598544409.470	118.758	31.974	666120.632722	3538848.475830	0.0973
1598544409.570	118.758	31.974	666120.650217	3538848.670147	0.0972
1598544409.570	118.758	31.974	666120.667878	3538848.860689	0.0971
1598544409.670	118.758	31.974	666120.685554	3538849.050486	0.0969
1598544409.670	118.758	31.974	666120.702597	3538849.243032	0.0965
1598544409.770	118.758	31.974	666120.718939	3538849.430935	0.0961
1598544409.770	118.758	31.974	666120.736090	3538849.617591	0.0958
1598544409.870	118.758	31.974	666120.752670	3538849.807200	0.0955
1598544409.870	118.758	31.974	666120.768857	3538849.992309	0.0953
1598544409.970	118.758	31.974	666120.784705	3538850.177415	0.0950
1598544409.970	118.758	31.974	666120.800328	3538850.364995	0.0946
1598544410.070	118.758	31.974	666120.815533	3538850.547353	0.0943
1598544410.070	118.758	31.974	666120.830895	3538850.729019	0.0941
1598544410.170	118.758	31.974	666120.847000	3538850.914956	0.0939
1598544410.170	118.758	31.974	666120.860691	3538851.094255	0.0937
1598544410.270	118.758	31.974	666120.876441	3538851.277749	0.0936
1598544410.270	118.758	31.974	666120.892228	3538851.457257	0.0935
1598544410.370	118.758	31.974	666120.907443	3538851.636483	0.0935
1598544410.370	118.758	31.974	666120.922728	3538851.817494	0.0937
1598544410.470	118.758	31.974	666120.938043	3538851.993770	0.0939
1598544410.470	118.758	31.974	666120.953176	3538852.169861	0.0941
1598544410.570	118.758	31.974	666120.968768	3538852.348973	0.0944
1598544410.570	118.758	31.974	666120.983207	3538852.523633	0.0948
1598544410.670	118.758	31.974	666120.998208	3538852.697857	0.0951
1598544410.670	118.758	31.974	666121.013702	3538852.875497	0.0953
1598544410.770	118.758	31.974	666121.028574	3538853.048961	0.0955
1598544410.770	118.758	31.974	666121.043926	3538853.221427	0.0956
1598544410.870	118.758	31.974	666121.058984	3538853.397252	0.0958
1598544410.870	118.758	31.974	666121.074247	3538853.568713	0.0960
1598544410.970	118.758	31.974	666121.089462	3538853.739297	0.0962
1598544410.970	118.758	31.974	666121.104838	3538853.912490	0.0963
1598544411.070	118.758	31.974	666121.120021	3538854.081672	0.0962
1598544411.070	118.758	31.974	666121.135144	3538854.250055	0.0962
1598544411.170	118.758	31.974	666121.150115	3538854.422261	0.0962
1598544411.170	118.758	31.974	666121.164662	3538854.589342	0.0964
1598544411.270	118.758	31.974	666121.179317	3538854.756593	0.0964
1598544411.270	118.758	31.974	666121.193815	3538854.925946	0.0963
1598544411.370	118.758	31.974	666121.208006	3538855.091074	0.0964
1598544411.370	118.758	31.974	666121.221977	3538855.255344	0.0964
1598544411.470	118.758	31.974	666121.236161	3538855.422269	0.0963
1598544411.470	118.758	31.974	666121.249328	3538855.585605	0.0963
1598544411.570	118.758	31.974	666121.262085	3538855.748417	0.0963
1598544411.570	118.758	31.974	666121.275061	3538855.914069	0.0963
1598544411.670	118.758	31.974	666121.287913	3538856.075318	0.0963
1598544411.670	118.758	31.974	666121.301561	3538856.235120	0.0962
1598544411.770	118.758	31.974	666121.315863	3538856.397609	0.0962
1598544411.770	118.758	31.974	666121.329727	3538856.557108	0.0961
1598544411.870	118.758	31.974	666121.343499	3538856.718670	0.0961
1598544411.870	118.758	31.974	666121.356400	3538856.875970	0.0961
1598544411.970	118.758	31.974	666121.369102	3538857.032362	0.0962
1598544411.970	118.758	31.974	666121.382341	3538857.191111	0.0963
1598544412.070	118.758	31.974	666121.396117	3538857.345181	0.0963
1598544412.070	118.758	31.974	666121.410347	3538857.499348	0.0961
1598544412.170	118.758	31.974	666121.423464	3538857.656414	0.0959
1598544412.170	118.758	31.974	666121.437257	3538857.809079	0.0959
1598544412.270	118.758	31.974	666121.450762	3538857.959765	0.0961
1598544412.270	118.758	31.974	666121.463545	3538858.113301	0.0962
1598544412.370	118.758	31.974	666121.476240	3538858.264022	0.0961
1598544412.370	118.758	31.974	666121.489102	3538858.410799	0.0959
1598544412.470	118.758	31.974	666121.501469	3538858.561646	0.0958
1598544412.470	118.758	31.974	666121.513695	3538858.709221	0.0957
1598544412.570	118.758	31.974	666121.525667	3538858.855752	0.0958
1598544412.570	118.758	31.974	666121.538451	3538859.004392	0.0959
1598544412.670	118.758	31.974	666121.550764	3538859.148068	0.0956
1598544412.670	118.758	31.974	666121.563290	3538859.293387	0.0952
1598544412.770	118.758	31.974	666121.574762	3538859.439631	0.0949
1598544412.770	118.758	31.974	666121.585944	3538859.582094	0.0947
1598544412.870	118.758	31.974	666121.597195	3538859.724055	0.0946
1598544412.870	118.758	31.974	666121.608650	3538859.868097	0.0943
1598544412.970	118.758	31.974	666121.619612	3538860.008699	0.0939
1598544412.970	118.758	31.974	666121.631056	3538860.148577	0.0934
1598544413.070	118.758	31.974	666121.642974	3538860.290410	0.0930
1598544413.070	118.758	31.974	666121.653985	3538860.427946	0.0927
1598544413.170	118.758	31.974	666121.664791	3538860.565618	0.0925
1598544413.170	118.758	31.974	666121.676780	3538860.702680	0.0922
1598544413.270	118.758	31.974	666121.687239	3538860.837916	0.0918
1598544413.270	118.758	31.974	666121.697470	3538860.973002	0.0915
1598544413.370	118.758	31.974	666121.707336	3538861.109898	0.0913
1598544413.370	118.758	31.974	666121.717469	3538861.242843	0.0911
1598544413.470	118.758	31.974	666121.729157	3538861.377023	0.0908
1598544413.470	118.758	31.974	666121.740733	3538861.506846	0.0905
1598544413.570	118.758	31.974	666121.751964	3538861.635541	0.0902
1598544413.570	118.758	31.974	666121.763407	3538861.765197	0.0899
1598544413.670	118.758	31.974	666121.774221	3538861.890126	0.0896
1598544413.670	118.758	31.974	666121.784283	3538862.015179	0.0893
1598544413.770	118.758	31.974	666121.794188	3538862.140305	0.0890
1598544413.770	118.758	31.974	666121.803499	3538862.261543	0.0888
1598544413.870	118.758	31.974	666121.813018	3538862.380858	0.0885
1598544413.870	118.758	31.974	666121.822919	3538862.500336	0.0882
1598544413.970	118.758	31.974	666121.832008	3538862.615930	0.0880
1598544413.970	118.758	31.974	666121.840248	3538862.730550	0.0878
1598544414.070	118.758	31.974	666121.848422	3538862.845715	0.0876
1598544414.070	118.758	31.974	666121.856465	3538862.956694	0.0874
1598544414.170	118.758	31.974	666121.865162	3538863.069574	0.0872
1598544414.170	118.758	31.974	666121.872831	3538863.176559	0.0868
1598544414.270	118.758	31.974	666121.881132	3538863.283124	0.0865
1598544414.270	118.758	31.974	666121.889053	3538863.389617	0.0861
1598544414.370	118.758	31.974	666121.896738	3538863.497532	0.0858
1598544414.370	118.758	31.974	666121.903857	3538863.602550	0.0856
1598544414.470	118.758	31.974	666121.911693	3538863.706877	0.0854
1598544414.470	118.758	31.974	666121.920744	3538863.813029	0.0850
1598544414.570	118.758	31.974	666121.929864	3538863.916278	0.0847
1598544414.570	118.758	31.974	666121.938782	3538864.019065	0.0844
1598544414.670	118.758	31.974	666121.947352	3538864.123517	0.0841
1598544414.670	118.758	31.974	666121.955111	3538864.225906	0.0839
1598544414.770	118.758	31.974	666121.962571	3538864.328092	0.0837
1598544414.770	118.758	31.974	666121.970366	3538864.432012	0.0836
1598544414.870	118.758	31.974	666121.978172	3538864.533644	0.0835
1598544414.870	118.758	31.974	666121.986329	3538864.636724	0.0833
1598544414.970	118.758	31.974	666121.994418	3538864.737281	0.0831
1598544414.970	118.758	31.974	666122.002117	3538864.837859	0.0828
1598544415.070	118.758	31.974	666122.009351	3538864.939726	0.0827
1598544415.070	118.758	31.974	666122.016619	3538865.038180	0.0826
1598544415.170	118.758	31.974	666122.024356	3538865.136409	0.0825
1598544415.170	118.758	31.974	666122.030965	3538865.235937	0.0824
1598544415.270	118.758	31.974	666122.038058	3538865.333647	0.0823
1598544415.270	118.758	31.974	666122.044772	3538865.430563	0.0821
1598544415.370	118.758	31.974	666122.051559	3538865.528247	0.0819
1598544415.370	118.758	31.974	666122.057726	3538865.623690	0.0817
1598544415.470	118.758	31.974	666122.063215	3538865.718592	0.0814
1598544415.470	118.758	31.974	666122.069113	3538865.814581	0.0813
1598544415.570	118.758	31.974	666122.074912	3538865.907892	0.0813
1598544415.570	118.758	31.974	666122.081164	3538865.998994	0.0812
1598544415.670	118.758	31.974	666122.087140	3538866.090684	0.0811
1598544415.670	118.758	31.974	666122.092473	3538866.179029	0.0808
1598544415.770	118.758	31.974	666122.097469	3538866.266352	0.0807
1598544415.770	118.758	31.974	666122.102906	3538866.353886	0.0806
1598544415.870	118.758	31.974	666122.108220	3538866.438553	0.0806
1598544415.870	118.758	31.974	666122.114543	3538866.521610	0.0806
1598544415.970	118.758	31.974	666122.121305	3538866.604868	0.0804
1598544415.970	118.758	31.974	666122.127658	3538866.685223	0.0803
1598544416.070	118.758	31.974	666122.134508	3538866.764268	0.0802
1598544416.070	118.758	31.974	666122.141527	3538866.843429	0.0800
1598544416.170	118.758	31.974	666122.147434	3538866.921601	0.0799
1598544416.170	118.758	31.974	666122.153795	3538866.995054	0.0798
1598544416.270	118.758	31.974	666122.159723	3538867.070309	0.0798
1598544416.270	118.758	31.974	666122.165313	3538867.142964	0.0797
1598544416.370	118.758	31.974	666122.170800	3538867.214515	0.0796
1598544416.370	118.758	31.974	666122.175904	3538867.286902	0.0795
1598544416.470	118.758	31.974	666122.180826	3538867.356440	0.0795
1598544416.470	118.758	31.974	666122.186148	3538867.425494	0.0795
1598544416.570	118.758	31.974	666122.191890	3538867.491752	0.0795
1598544416.570	118.758	31.974	666122.196969	3538867.556841	0.0793
1598544416.670	118.758	31.974	666122.201298	3538867.621838	0.0791
1598544416.670	118.758	31.974	666122.204658	3538867.684075	0.0790
1598544416.770	118.758	31.974	666122.207641	3538867.744591	0.0790
1598544416.770	118.758	31.974	666122.210773	3538867.804118	0.0790
1598544416.870	118.758	31.974	666122.214176	3538867.860571	0.0790
1598544416.870	118.758	31.974	666122.218167	3538867.915253	0.0789
1598544416.970	118.758	31.974	666122.222252	3538867.968049	0.0788
1598544416.970	118.758	31.974	666122.224988	3538868.016187	0.0788
1598544417.070	118.758	31.974	666122.227245	3538868.061067	0.0788
1598544417.070	118.758	31.974	666122.230013	3538868.104173	0.0788
1598544417.170	118.758	31.974	666122.231887	3538868.139044	0.0787
1598544417.170	118.758	31.974	666122.235267	3538868.180313	0.0786
1598544417.270	118.758	31.974	666122.237437	3538868.213029	0.0785
1598544417.270	118.758	31.974	666122.238657	3538868.238472	0.0785
1598544417.370	118.758	31.974	666122.239229	3538868.259580	0.0785
1598544417.370	118.758	31.974	666122.239417	3538868.276156	0.0785
1598544417.470	118.758	31.974	666122.239594	3538868.287820	0.0784
1598544417.470	118.758	31.974	666122.239559	3538868.294943	0.0783
1598544417.570	118.758	31.974	666122.238956	3538868.297092	0.0783
1598544417.570	118.758	31.974	666122.238110	3538868.294905	0.0783
1598544417.670	118.758	31.974	666122.237520	3538868.289565	0.0784
1598544417.670	118.758	31.974	666122.236739	3538868.282186	0.0784
1598544417.770	118.758	31.974	666122.235956	3538868.270416	0.0784
1598544417.770	118.758	31.974	666122.235347	3538868.257893	0.0784
1598544417.870	118.758	31.974	666122.235059	3538868.258415	0.0783
1598544417.870	118.758	31.974	666122.234541	3538868.245579	0.0783
1598544417.970	118.758	31.974	666122.234135	3538868.234769	0.0783
1598544417.970	118.758	31.974	666122.233968	3538868.214268	0.0783
1598544418.070	118.758	31.974	666122.234415	3538868.206005	0.0783
1598544418.070	118.758	31.974	666122.234966	3538868.201410	0.0782
1598544418.170	118.758	31.974	666122.235048	3538868.197997	0.0782
1598544418.170	118.758	31.974	666122.236129	3538868.198403	0.0782
1598544418.270	118.758	31.974	666122.236798	3538868.199843	0.0783
1598544418.270	118.758	31.974	666122.237905	3538868.202860	0.0783
1598544418.370	118.758	31.974	666122.239054	3538868.207098	0.0782
1598544418.370	118.758	31.974	666122.239817	3538868.212258	0.0782
1598544418.470	118.758	31.974	666122.240505	3538868.217723	0.0782
1598544418.470	118.758	31.974	666122.241274	3538868.223081	0.0782
1598544418.570	118.758	31.974	666122.241963	3538868.228626	0.0782
1598544418.570	118.758	31.974	666122.242182	3538868.233553	0.0782
1598544418.670	118.758	31.974	666122.242289	3538868.238309	0.0782
1598544418.670	118.758	31.974	666122.242467	3538868.243702	0.0782
1598544418.770	118.758	31.974	666122.242796	3538868.250276	0.0781
1598544418.770	118.758	31.974	666122.243098	3538868.255682	0.0781
1598544418.870	118.758	31.974	666122.243057	3538868.258771	0.0782
1598544418.870	118.758	31.974	666122.242586	3538868.259360	0.0782
1598544418.970	118.758	31.974	666122.242074	3538868.257677	0.0782
1598544418.970	118.758	31.974	666122.241617	3538868.255657	0.0782
1598544419.070	118.758	31.974	666122.241136	3538868.254630	0.0782
1598544419.070	118.758	31.974	666122.240780	3538868.254498	0.0782
1598544419.170	118.758	31.974	666122.240532	3538868.254765	0.0782
1598544419.170	118.758	31.974	666122.240092	3538868.253619	0.0782
1598544419.270	118.758	31.974	666122.240104	3538868.252635	0.0781
1598544419.270	118.758	31.974	666122.240420	3538868.251635	0.0781
1598544419.370	118.758	31.974	666122.240665	3538868.250821	0.0781
1598544419.370	118.758	31.974	666122.240831	3538868.250782	0.0781
1598544419.470	118.758	31.974	666122.241038	3538868.250972	0.0781
1598544419.470	118.758	31.974	666122.241238	3538868.251456	0.0781
1598544419.570	118.758	31.974	666122.241322	3538868.252056	0.0780
1598544419.570	118.758	31.974	666122.241442	3538868.252562	0.0780
1598544419.670	118.758	31.974	666122.241736	3538868.253119	0.0780
1598544419.670	118.758	31.974	666122.242257	3538868.253468	0.0779
1598544419.770	118.758	31.974	666122.242738	3538868.253765	0.0779
1598544419.770	118.758	31.974	666122.243082	3538868.254163	0.0779
1598544419.870	118.758	31.974	666122.243247	3538868.254756	0.0779
1598544419.870	118.758	31.974	666122.243052	3538868.255692	0.0779
1598544419.970	118.758	31.974	666122.242892	3538868.256660	0.0779
1598544419.970	118.758	31.974	666122.242679	3538868.256859	0.0778
1598544420.070	118.758	31.974	666122.242391	3538868.256728	0.0778
1598544420.070	118.758	31.974	666122.242223	3538868.256809	0.0778
1598544420.170	118.758	31.974	666122.242273	3538868.257004	0.0778
1598544420.170	118.758	31.974	666122.242066	3538868.257166	0.0778
1598544420.270	118.758	31.974	666122.242212	3538868.257707	0.0778
1598544420.270	118.758	31.974	666122.242181	3538868.258304	0.0778
1598544420.370	118.758	31.974	666122.242114	3538868.258507	0.0778
1598544420.370	118.758	31.974	666122.242197	3538868.258648	0.0778
1598544420.470	118.758	31.974	666122.242110	3538868.258741	0.0778
1598544420.470	118.758	31.974	666122.241814	3538868.258875	0.0777
1598544420.570	118.758	31.974	666122.241531	3538868.259003	0.0777
1598544420.570	118.758	31.974	666122.241097	3538868.259191	0.0777
1598544420.670	118.758	31.974	666122.240978	3538868.259635	0.0777
1598544420.670	118.758	31.974	666122.241060	3538868.260089	0.0777
1598544420.770	118.758	31.974	666122.241186	3538868.260392	0.0777
1598544420.770	118.758	31.974	666122.241496	3538868.260433	0.0777
1598544420.870	118.758	31.974	666122.241380	3538868.260705	0.0777
1598544420.870	118.758	31.974	666122.241339	3538868.261041	0.0776
1598544420.970	118.758	31.974	666122.241482	3538868.261196	0.0776
1598544420.970	118.758	31.974	666122.241441	3538868.261354	0.0776
1598544421.070	118.758	31.974	666122.241398	3538868.261480	0.0776
1598544421.070	118.758	31.974	666122.241251	3538868.261602	0.0776
1598544421.170	118.758	31.974	666122.241261	3538868.261966	0.0775
1598544421.170	118.758	31.974	666122.240842	3538868.261630	0.0775
1598544421.270	118.758	31.974	666122.240505	3538868.261707	0.0775
1598544421.270	118.758	31.974	666122.240607	3538868.261772	0.0775
1598544421.370	118.758	31.974	666122.240897	3538868.261848	0.0775
1598544421.370	118.758	31.974	666122.240989	3538868.261974	0.0774
1598544421.470	118.758	31.974	666122.240935	3538868.262043	0.0774
1598544421.470	118.758	31.974	666122.241049	3538868.262365	0.0774
1598544421.570	118.758	31.974	666122.241306	3538868.262651	0.0774
1598544421.570	118.758	31.974	666122.241156	3538868.262538	0.0774
