1598545449.660	118.750	31.951	665429.405776	3536317.235816	3.8003
1598545449.760	118.750	31.951	665429.135581	3536316.875927	3.8008
1598545449.860	118.750	31.951	665428.861677	3536316.510052	3.8008
1598545449.960	118.750	31.951	665428.587095	3536316.141061	3.8002
1598545450.060	118.750	31.951	665428.445617	3536315.950701	3.8001
1598545450.060	118.750	31.951	665428.305658	3536315.762609	3.8002
1598545450.160	118.750	31.951	665428.165852	3536315.576085	3.8003
1598545450.160	118.750	31.951	665428.020381	3536315.378584	3.8003
1598545450.260	118.750	31.951	665427.877146	3536315.187417	3.8003
1598545450.260	118.750	31.951	665427.732305	3536314.996259	3.8003
1598545450.360	118.750	31.951	665427.582900	3536314.800560	3.8002
1598545450.360	118.750	31.951	665427.436084	3536314.608874	3.8001
1598545450.460	118.750	31.951	665427.288143	3536314.416119	3.8000
1598545450.460	118.750	31.951	665427.138461	3536314.218786	3.7999
1598545450.560	118.750	31.951	665426.992630	3536314.024102	3.7998
1598545450.560	118.750	31.951	665426.847019	3536313.827473	3.7998
1598545450.660	118.750	31.951	665426.697839	3536313.625653	3.7997
1598545450.660	118.750	31.951	665426.549806	3536313.428370	3.7996
1598545450.760	118.750	31.951	665426.398686	3536313.226038	3.7997
1598545450.760	118.750	31.951	665426.250399	3536313.027018	3.7997
1598545450.860	118.750	31.951	665426.100605	3536312.827451	3.7997
1598545450.860	118.750	31.951	665425.947892	3536312.624012	3.7996
1598545450.960	118.750	31.951	665425.797237	3536312.423617	3.7996
1598545450.960	118.750	31.951	665425.646501	3536312.222674	3.7995
1598545451.060	118.750	31.951	665425.492539	3536312.016954	3.7994
1598545451.060	118.750	31.951	665425.342892	3536311.813595	3.7992
1598545451.160	118.750	31.951	665425.192691	3536311.614374	3.7992
1598545451.160	118.750	31.951	665425.040849	3536311.402295	3.7990
1598545451.260	118.750	31.951	665424.890537	3536311.199747	3.7990
1598545451.260	118.750	31.951	665424.739380	3536310.999414	3.7990
1598545451.360	118.750	31.951	665424.584817	3536310.795759	3.7988
1598545451.360	118.750	31.951	665424.433535	3536310.597207	3.7987
1598545451.460	118.750	31.951	665424.284385	3536310.399164	3.7985
1598545451.460	118.750	31.951	665424.132790	3536310.196806	3.7984
1598545451.560	118.750	31.951	665423.984165	3536309.999309	3.7983
1598545451.560	118.750	31.951	665423.835482	3536309.803841	3.7982
1598545451.660	118.750	31.951	665423.684066	3536309.603302	3.7981
1598545451.660	118.750	31.951	665423.535489	3536309.406203	3.7975
1598545451.760	118.750	31.951	665423.387972	3536309.208517	3.7970
1598545451.760	118.750	31.951	665423.238852	3536309.006537	3.7969
1598545451.860	118.750	31.951	665423.093400	3536308.807374	3.7970
1598545451.860	118.750	31.951	665422.946871	3536308.609032	3.7970
1598545451.960	118.750	31.951	665422.796932	3536308.406874	3.7970
1598545451.960	118.750	31.951	665422.650247	3536308.209125	3.7969
1598545452.060	118.750	31.951	665422.504434	3536308.011685	3.7969
1598545452.060	118.750	31.951	665422.355993	3536307.810640	3.7967
1598545452.160	118.750	31.951	665422.212085	3536307.614520	3.7966
1598545452.160	118.750	31.951	665422.062982	3536307.419846	3.7963
1598545452.260	118.750	31.951	665421.914299	3536307.221238	3.7960
1598545452.260	118.750	31.951	665421.770040	3536307.026309	3.7955
1598545452.360	118.750	31.951	665421.627392	3536306.831460	3.7950
1598545452.360	118.750	31.951	665421.483341	3536306.632220	3.7946
1598545452.460	118.750	31.951	665421.341775	3536306.438738	3.7944
1598545452.460	118.750	31.951	665421.200975	3536306.246818	3.7940
1598545452.560	118.750	31.951	665421.058126	3536306.052049	3.7935
1598545452.560	118.750	31.951	665420.918872	3536305.861745	3.7931
1598545452.660	118.750	31.951	665420.782066	3536305.672455	3.7928
1598545452.660	118.750	31.951	665420.640401	3536305.477546	3.7924
1598545452.760	118.750	31.951	665420.501544	3536305.289112	3.7917
1598545452.760	118.750	31.951	665420.363514	3536305.102331	3.7909
1598545452.860	118.750	31.951	665420.226235	3536304.912939	3.7901
1598545452.860	118.750	31.951	665420.088898	3536304.725566	3.7897
1598545452.960	118.750	31.951	665419.955966	3536304.538598	3.7892
1598545452.960	118.750	31.951	665419.817732	3536304.348246	3.7888
1598545453.060	118.750	31.951	665419.679647	3536304.160136	3.7879
1598545453.060	118.750	31.951	665419.544325	3536303.974541	3.7867
1598545453.160	118.750	31.951	665419.404423	3536303.782870	3.7852
1598545453.160	118.750	31.951	665419.269121	3536303.594498	3.7838
1598545453.260	118.750	31.951	665419.132403	3536303.401202	3.7825
1598545453.260	118.750	31.951	665418.999929	3536303.213219	3.7814
1598545453.360	118.750	31.951	665418.867226	3536303.026487	3.7801
1598545453.360	118.750	31.951	665418.732000	3536302.837965	3.7788
1598545453.460	118.750	31.951	665418.600253	3536302.653321	3.7776
1598545453.460	118.750	31.951	665418.469148	3536302.468460	3.7765
1598545453.560	118.750	31.951	665418.338367	3536302.279704	3.7755
1598545453.560	118.750	31.951	665418.209597	3536302.096772	3.7744
1598545453.660	118.750	31.951	665418.082474	3536301.914089	3.7732
1598545453.660	118.750	31.951	665417.951795	3536301.728113	3.7720
1598545453.760	118.750	31.951	665417.827497	3536301.545386	3.7710
1598545453.760	118.750	31.951	665417.703781	3536301.362704	3.7700
1598545453.860	118.750	31.951	665417.577266	3536301.176995	3.7690
1598545453.860	118.750	31.951	665417.452404	3536300.994829	3.7680
1598545453.960	118.750	31.951	665417.324958	3536300.813029	3.7670
1598545453.960	118.750	31.951	665417.198680	3536300.630080	3.7661
1598545454.060	118.750	31.951	665417.075109	3536300.449398	3.7653
1598545454.060	118.750	31.951	665416.952302	3536300.270406	3.7646
1598545454.160	118.750	31.951	665416.827282	3536300.085829	3.7639
1598545454.160	118.750	31.951	665416.706148	3536299.904927	3.7633
1598545454.260	118.750	31.951	665416.585402	3536299.725547	3.7629
1598545454.260	118.750	31.951	665416.462162	3536299.543825	3.7626
1598545454.360	118.750	31.951	665416.343668	3536299.362849	3.7624
1598545454.360	118.750	31.951	665416.223907	3536299.185092	3.7625
1598545454.460	118.750	31.951	665416.102042	3536299.004462	3.7627
1598545454.460	118.750	31.951	665415.983105	3536298.827389	3.7630
1598545454.560	118.750	31.951	665415.862603	3536298.654590	3.7632
1598545454.560	118.750	31.951	665415.739770	3536298.475486	3.7634
1598545454.660	118.750	31.951	665415.619121	3536298.300907	3.7637
1598545454.660	118.750	31.951	665415.500043	3536298.127130	3.7640
1598545454.760	118.750	31.951	665415.375695	3536297.952041	3.7644
1598545454.760	118.750	31.951	665415.255026	3536297.778932	3.7647
1598545454.860	118.750	31.951	665415.134834	3536297.606148	3.7650
1598545454.860	118.750	31.951	665415.013680	3536297.431007	3.7653
1598545454.960	118.750	31.951	665414.891041	3536297.256546	3.7657
1598545454.960	118.750	31.951	665414.769734	3536297.083683	3.7660
1598545455.060	118.750	31.951	665414.646310	3536296.908385	3.7664
1598545455.060	118.750	31.951	665414.527321	3536296.737825	3.7671
1598545455.160	118.750	31.951	665414.405967	3536296.567201	3.7680
1598545455.160	118.750	31.951	665414.279456	3536296.392928	3.7689
1598545455.260	118.750	31.951	665414.159495	3536296.224229	3.7696
1598545455.260	118.750	31.951	665414.040099	3536296.055406	3.7700
1598545455.360	118.750	31.951	665413.919247	3536295.885502	3.7703
1598545455.360	118.750	31.951	665413.799977	3536295.718560	3.7706
1598545455.460	118.750	31.951	665413.686119	3536295.552874	3.7709
1598545455.460	118.750	31.951	665413.565638	3536295.383675	3.7711
1598545455.560	118.750	31.951	665413.452443	3536295.221833	3.7711
1598545455.560	118.750	31.951	665413.336913	3536295.059227	3.7709
1598545455.660	118.750	31.951	665413.218000	3536294.894020	3.7705
1598545455.660	118.750	31.951	665413.102895	3536294.730992	3.7702
1598545455.760	118.750	31.951	665412.982148	3536294.565571	3.7699
1598545455.760	118.750	31.951	665412.864338	3536294.402863	3.7696
1598545455.860	118.750	31.951	665412.749379	3536294.241000	3.7692
1598545455.860	118.750	31.951	665412.631498	3536294.075732	3.7689
1598545455.960	118.750	31.951	665412.516261	3536293.915318	3.7688
1598545455.960	118.750	31.951	665412.402182	3536293.753711	3.7685
1598545456.060	118.750	31.951	665412.286461	3536293.587011	3.7680
1598545456.060	118.750	31.951	665412.172755	3536293.427071	3.7675
1598545456.160	118.750	31.951	665412.059449	3536293.267539	3.7670
1598545456.160	118.750	31.951	665411.947138	3536293.098966	3.7667
1598545456.260	118.750	31.951	665411.837879	3536292.934666	3.7664
1598545456.260	118.750	31.951	665411.727034	3536292.774866	3.7658
1598545456.360	118.750	31.951	665411.616342	3536292.606437	3.7651
1598545456.360	118.750	31.951	665411.507859	3536292.446091	3.7643
1598545456.460	118.750	31.951	665411.401891	3536292.286238	3.7636
1598545456.460	118.750	31.951	665411.292503	3536292.124069	3.7632
1598545456.560	118.750	31.951	665411.187083	3536291.967372	3.7627
1598545456.560	118.750	31.951	665411.080644	3536291.810210	3.7622
1598545456.660	118.750	31.951	665410.971982	3536291.649314	3.7614
1598545456.660	118.750	31.951	665410.866284	3536291.492985	3.7606
1598545456.760	118.750	31.951	665410.761293	3536291.335857	3.7600
1598545456.760	118.750	31.951	665410.655410	3536291.178556	3.7594
1598545456.860	118.750	31.951	665410.551189	3536291.025791	3.7590
1598545456.860	118.750	31.951	665410.448212	3536290.871891	3.7584
1598545456.960	118.750	31.951	665410.342343	3536290.717934	3.7577
1598545456.960	118.750	31.951	665410.240108	3536290.565499	3.7570
1598545457.060	118.750	31.951	665410.138370	3536290.413684	3.7563
1598545457.060	118.750	31.951	665410.035217	3536290.259276	3.7557
1598545457.160	118.750	31.951	665409.934863	3536290.108417	3.7552
1598545457.160	118.750	31.951	665409.834973	3536289.958217	3.7547
1598545457.260	118.750	31.951	665409.733376	3536289.805868	3.7540
1598545457.260	118.750	31.951	665409.634277	3536289.657373	3.7532
1598545457.360	118.750	31.951	665409.535907	3536289.509553	3.7527
1598545457.360	118.750	31.951	665409.433073	3536289.356376	3.7522
1598545457.460	118.750	31.951	665409.333311	3536289.209230	3.7517
1598545457.460	118.750	31.951	665409.235764	3536289.062157	3.7511
1598545457.560	118.750	31.951	665409.137044	3536288.914248	3.7503
1598545457.560	118.750	31.951	665409.041532	3536288.768949	3.7497
1598545457.660	118.750	31.951	665408.946307	3536288.624312	3.7491
1598545457.660	118.750	31.951	665408.849966	3536288.478106	3.7486
1598545457.760	118.750	31.951	665408.755711	3536288.337270	3.7481
1598545457.760	118.750	31.951	665408.662610	3536288.196757	3.7476
1598545457.860	118.750	31.951	665408.567187	3536288.054728	3.7472
1598545457.860	118.750	31.951	665408.474383	3536287.914502	3.7467
1598545457.960	118.750	31.951	665408.382410	3536287.778583	3.7463
1598545457.960	118.750	31.951	665408.290154	3536287.638749	3.7460
1598545458.060	118.750	31.951	665408.199601	3536287.501351	3.7457
1598545458.060	118.750	31.951	665408.109395	3536287.363718	3.7453
1598545458.160	118.750	31.951	665408.017008	3536287.226513	3.7449
1598545458.160	118.750	31.951	665407.927033	3536287.091125	3.7448
1598545458.260	118.750	31.951	665407.837885	3536286.957277	3.7449
1598545458.260	118.750	31.951	665407.747021	3536286.820504	3.7452
1598545458.360	118.750	31.951	665407.661236	3536286.690413	3.7455
1598545458.360	118.750	31.951	665407.572047	3536286.557030	3.7455
1598545458.460	118.750	31.951	665407.484403	3536286.425026	3.7455
1598545458.460	118.750	31.951	665407.397633	3536286.294272	3.7454
1598545458.560	118.750	31.951	665407.308813	3536286.160400	3.7454
1598545458.560	118.750	31.950	665407.221738	3536286.031225	3.7453
1598545458.660	118.750	31.950	665407.135102	3536285.902972	3.7454
1598545458.660	118.750	31.950	665407.048163	3536285.772538	3.7457
1598545458.760	118.750	31.950	665406.961397	3536285.645385	3.7460
1598545458.760	118.750	31.950	665406.876284	3536285.520181	3.7464
1598545458.860	118.750	31.950	665406.789306	3536285.392527	3.7467
1598545458.860	118.750	31.950	665406.705260	3536285.267629	3.7470
1598545458.960	118.750	31.950	665406.620322	3536285.145461	3.7473
1598545458.960	118.750	31.950	665406.535202	3536285.020340	3.7476
1598545459.060	118.750	31.950	665406.453242	3536284.898118	3.7479
1598545459.060	118.750	31.950	665406.370647	3536284.776947	3.7482
1598545459.160	118.750	31.950	665406.287484	3536284.652539	3.7486
1598545459.160	118.750	31.950	665406.204814	3536284.531804	3.7491
1598545459.260	118.750	31.950	665406.121771	3536284.412514	3.7497
1598545459.260	118.750	31.950	665406.039207	3536284.291363	3.7503
1598545459.360	118.750	31.950	665405.955368	3536284.174196	3.7508
1598545459.360	118.750	31.950	665405.874557	3536284.058197	3.7512
1598545459.460	118.750	31.950	665405.792371	3536283.939865	3.7516
1598545459.460	118.750	31.950	665405.712892	3536283.824909	3.7522
1598545459.560	118.750	31.950	665405.633589	3536283.711185	3.7527
1598545459.560	118.750	31.950	665405.552813	3536283.595859	3.7533
1598545459.660	118.750	31.950	665405.473220	3536283.483695	3.7538
1598545459.660	118.750	31.950	665405.395771	3536283.372954	3.7543
1598545459.760	118.750	31.950	665405.317147	3536283.260795	3.7547
1598545459.760	118.750	31.950	665405.240577	3536283.152556	3.7551
1598545459.860	118.750	31.950	665405.166479	3536283.045907	3.7554
1598545459.860	118.750	31.950	665405.090309	3536282.937522	3.7557
1598545459.960	118.750	31.950	665405.018812	3536282.832868	3.7562
1598545459.960	118.750	31.950	665404.945544	3536282.728492	3.7568
1598545460.060	118.750	31.950	665404.872649	3536282.623789	3.7572
1598545460.060	118.750	31.950	665404.801043	3536282.522107	3.7576
1598545460.160	118.750	31.950	665404.731876	3536282.422248	3.7579
1598545460.160	118.750	31.950	665404.661866	3536282.321375	3.7583
1598545460.260	118.750	31.950	665404.594440	3536282.222769	3.7587
1598545460.260	118.750	31.950	665404.527561	3536282.124884	3.7591
1598545460.360	118.750	31.950	665404.459152	3536282.026633	3.7594
1598545460.360	118.750	31.950	665404.392669	3536281.930906	3.7595
1598545460.460	118.750	31.950	665404.326260	3536281.836526	3.7596
1598545460.460	118.750	31.950	665404.259446	3536281.741730	3.7598
1598545460.560	118.750	31.950	665404.194993	3536281.649782	3.7601
1598545460.560	118.750	31.950	665404.130081	3536281.559964	3.7605
1598545460.660	118.750	31.950	665404.065233	3536281.469807	3.7607
1598545460.660	118.750	31.950	665404.002723	3536281.381994	3.7608
1598545460.760	118.750	31.950	665403.940060	3536281.296076	3.7608
1598545460.760	118.750	31.950	665403.878883	3536281.209515	3.7609
1598545460.860	118.750	31.950	665403.819990	3536281.126249	3.7612
1598545460.860	118.750	31.950	665403.760108	3536281.041538	3.7614
1598545460.960	118.750	31.950	665403.703126	3536280.960645	3.7617
1598545460.960	118.750	31.950	665403.646393	3536280.879661	3.7619
1598545461.060	118.750	31.950	665403.589697	3536280.796230	3.7618
1598545461.060	118.750	31.950	665403.534514	3536280.718196	3.7618
1598545461.160	118.750	31.950	665403.479836	3536280.641980	3.7619
1598545461.160	118.750	31.950	665403.427290	3536280.562401	3.7621
1598545461.260	118.750	31.950	665403.376676	3536280.486447	3.7623
1598545461.260	118.750	31.950	665403.325728	3536280.412324	3.7625
1598545461.360	118.750	31.950	665403.274236	3536280.338145	3.7624
1598545461.360	118.750	31.950	665403.224694	3536280.266859	3.7622
1598545461.460	118.750	31.950	665403.175645	3536280.197233	3.7620
1598545461.460	118.750	31.950	665403.126902	3536280.128008	3.7620
1598545461.560	118.750	31.950	665403.079793	3536280.062169	3.7620
1598545461.560	118.750	31.950	665403.033579	3536279.997127	3.7619
1598545461.660	118.750	31.950	665402.986775	3536279.931071	3.7619
1598545461.660	118.750	31.950	665402.942803	3536279.867757	3.7618
1598545461.760	118.750	31.950	665402.900009	3536279.805889	3.7616
1598545461.760	118.750	31.950	665402.856555	3536279.743127	3.7614
1598545461.860	118.750	31.950	665402.814173	3536279.681336	3.7614
1598545461.860	118.750	31.950	665402.771599	3536279.620933	3.7614
1598545461.960	118.750	31.950	665402.728659	3536279.560278	3.7614
1598545461.960	118.750	31.950	665402.687684	3536279.500682	3.7613
1598545462.060	118.750	31.950	665402.647181	3536279.441172	3.7611
1598545462.060	118.750	31.950	665402.605451	3536279.380521	3.7610
1598545462.160	118.750	31.950	665402.564679	3536279.321462	3.7610
1598545462.160	118.750	31.950	665402.524118	3536279.262726	3.7610
1598545462.260	118.750	31.950	665402.482645	3536279.202467	3.7610
1598545462.260	118.750	31.950	665402.441761	3536279.144320	3.7609
1598545462.360	118.750	31.950	665402.401127	3536279.086715	3.7609
1598545462.360	118.750	31.950	665402.359862	3536279.028747	3.7608
1598545462.460	118.750	31.950	665402.319704	3536278.972271	3.7609
1598545462.460	118.750	31.950	665402.280148	3536278.915379	3.7609
1598545462.560	118.750	31.950	665402.240273	3536278.857689	3.7609
1598545462.560	118.750	31.950	665402.201133	3536278.801399	3.7609
1598545462.660	118.750	31.950	665402.162134	3536278.744930	3.7610
1598545462.660	118.750	31.950	665402.122934	3536278.687187	3.7611
1598545462.760	118.750	31.950	665402.085065	3536278.630553	3.7612
1598545462.760	118.750	31.950	665402.047685	3536278.573849	3.7614
1598545462.860	118.750	31.950	665402.009692	3536278.517492	3.7612
1598545462.860	118.750	31.950	665401.972032	3536278.462841	3.7607
1598545462.960	118.750	31.950	665401.933545	3536278.409038	3.7604
1598545462.960	118.750	31.950	665401.896517	3536278.352977	3.7605
1598545463.060	118.750	31.950	665401.860481	3536278.297937	3.7608
1598545463.060	118.750	31.950	665401.822863	3536278.243558	3.7610
1598545463.160	118.750	31.950	665401.785449	3536278.189233	3.7609
1598545463.160	118.750	31.950	665401.744949	3536278.135534	3.7606
1598545463.260	118.750	31.950	665401.706493	3536278.081572	3.7603
1598545463.260	118.750	31.950	665401.667875	3536278.027604	3.7601
1598545463.360	118.750	31.950	665401.629853	3536277.975720	3.7601
1598545463.360	118.750	31.950	665401.592846	3536277.924001	3.7602
1598545463.460	118.750	31.950	665401.556298	3536277.870765	3.7601
1598545463.460	118.750	31.950	665401.520951	3536277.818753	3.7599
1598545463.560	118.750	31.950	665401.485526	3536277.765744	3.7597
1598545463.560	118.750	31.950	665401.450329	3536277.714568	3.7594
1598545463.660	118.750	31.950	665401.416147	3536277.663550	3.7592
1598545463.660	118.750	31.950	665401.381573	3536277.611916	3.7591
1598545463.760	118.750	31.950	665401.348097	3536277.561413	3.7589
1598545463.760	118.750	31.950	665401.314811	3536277.511421	3.7587
1598545463.860	118.750	31.950	665401.281529	3536277.460325	3.7585
1598545463.860	118.750	31.950	665401.249087	3536277.410459	3.7583
1598545463.960	118.750	31.950	665401.216632	3536277.360940	3.7581
1598545463.960	118.750	31.950	665401.183446	3536277.310625	3.7579
1598545464.060	118.750	31.950	665401.150720	3536277.261471	3.7577
1598545464.060	118.750	31.950	665401.118260	3536277.215143	3.7574
1598545464.159	118.750	31.950	665401.085224	3536277.166161	3.7572
1598545464.160	118.750	31.950	665401.050518	3536277.119298	3.7571
1598545464.260	118.750	31.950	665401.016990	3536277.071743	3.7569
1598545464.260	118.750	31.950	665400.982971	3536277.023146	3.7567
1598545464.360	118.750	31.950	665400.950026	3536276.975483	3.7565
1598545464.360	118.750	31.950	665400.917612	3536276.927396	3.7562
1598545464.460	118.750	31.950	665400.884643	3536276.878291	3.7559
1598545464.460	118.750	31.950	665400.852541	3536276.830089	3.7555
1598545464.560	118.750	31.950	665400.820648	3536276.782128	3.7551
1598545464.560	118.750	31.950	665400.787949	3536276.733562	3.7546
1598545464.660	118.750	31.950	665400.756751	3536276.686665	3.7540
1598545464.660	118.750	31.950	665400.726244	3536276.640041	3.7534
1598545464.759	118.750	31.950	665400.695667	3536276.592602	3.7528
1598545464.760	118.750	31.950	665400.665516	3536276.545609	3.7523
1598545464.860	118.750	31.950	665400.635494	3536276.498809	3.7517
1598545464.860	118.750	31.950	665400.604972	3536276.450478	3.7510
1598545464.960	118.750	31.950	665400.575520	3536276.403341	3.7504
1598545464.960	118.750	31.950	665400.546070	3536276.356677	3.7498
1598545465.060	118.750	31.950	665400.516000	3536276.308575	3.7492
1598545465.060	118.750	31.950	665400.486471	3536276.261285	3.7486
1598545465.160	118.750	31.950	665400.456068	3536276.214528	3.7480
1598545465.160	118.750	31.950	665400.426801	3536276.166725	3.7472
1598545465.260	118.750	31.950	665400.396597	3536276.120656	3.7464
1598545465.260	118.750	31.950	665400.366145	3536276.074780	3.7456
1598545465.360	118.750	31.950	665400.334830	3536276.028102	3.7447
1598545465.360	118.750	31.950	665400.304208	3536275.982285	3.7438
1598545465.460	118.750	31.950	665400.274203	3536275.936438	3.7430
1598545465.460	118.750	31.950	665400.243839	3536275.889687	3.7422
1598545465.560	118.750	31.950	665400.214095	3536275.844337	3.7415
1598545465.560	118.750	31.950	665400.185085	3536275.799219	3.7407
1598545465.659	118.750	31.950	665400.155691	3536275.753996	3.7398
1598545465.660	118.750	31.950	665400.127706	3536275.710788	3.7390
1598545465.760	118.750	31.950	665400.100431	3536275.668034	3.7383
1598545465.760	118.750	31.950	665400.072868	3536275.625704	3.7375
1598545465.860	118.750	31.950	665400.046457	3536275.585158	3.7368
1598545465.860	118.750	31.950	665400.021906	3536275.545832	3.7362
1598545465.959	118.750	31.950	665399.997658	3536275.506611	3.7355
1598545465.960	118.750	31.950	665399.975046	3536275.469259	3.7348
1598545466.060	118.750	31.950	665399.953308	3536275.432408	3.7341
1598545466.060	118.750	31.950	665399.933901	3536275.399678	3.7334
1598545466.160	118.750	31.950	665399.912389	3536275.365168	3.7328
1598545466.160	118.750	31.950	665399.896011	3536275.336243	3.7323
1598545466.259	118.750	31.950	665399.878404	3536275.307226	3.7317
1598545466.260	118.750	31.950	665399.861258	3536275.279277	3.7312
1598545466.360	118.750	31.950	665399.843983	3536275.251551	3.7305
1598545466.360	118.750	31.950	665399.826928	3536275.224827	3.7299
1598545466.460	118.750	31.950	665399.810585	3536275.199059	3.7293
1598545466.460	118.750	31.950	665399.794164	3536275.172240	3.7288
1598545466.560	118.750	31.950	665399.778517	3536275.146514	3.7283
1598545466.560	118.750	31.950	665399.763048	3536275.121065	3.7278
1598545466.659	118.750	31.950	665399.746975	3536275.095725	3.7273
1598545466.660	118.750	31.950	665399.731576	3536275.071090	3.7268
1598545466.760	118.750	31.950	665399.716734	3536275.046564	3.7263
1598545466.760	118.750	31.950	665399.702231	3536275.022487	3.7259
1598545466.860	118.750	31.950	665399.688014	3536274.999828	3.7255
1598545466.860	118.750	31.950	665399.674272	3536274.977692	3.7251
1598545466.960	118.750	31.950	665399.660547	3536274.955622	3.7247
1598545466.960	118.750	31.950	665399.647376	3536274.934705	3.7244
1598545467.060	118.750	31.950	665399.634679	3536274.914631	3.7240
1598545467.060	118.750	31.950	665399.622295	3536274.894566	3.7238
1598545467.159	118.750	31.950	665399.610055	3536274.875105	3.7235
1598545467.160	118.750	31.950	665399.600193	3536274.858464	3.7233
1598545467.260	118.750	31.950	665399.589074	3536274.840028	3.7230
1598545467.260	118.750	31.950	665399.578266	3536274.821990	3.7228
1598545467.359	118.750	31.950	665399.567510	3536274.803845	3.7228
1598545467.360	118.750	31.950	665399.555943	3536274.785518	3.7227
1598545467.460	118.750	31.950	665399.544223	3536274.767245	3.7225
1598545467.460	118.750	31.950	665399.531843	3536274.748426	3.7224
1598545467.559	118.750	31.950	665399.519185	3536274.728909	3.7223
1598545467.559	118.750	31.950	665399.507114	3536274.709171	3.7222
1598545467.660	118.750	31.950	665399.494655	3536274.689259	3.7222
1598545467.660	118.750	31.950	665399.481000	3536274.668476	3.7222
1598545467.759	118.750	31.950	665399.467158	3536274.647932	3.7221
1598545467.760	118.750	31.950	665399.453195	3536274.627067	3.7221
1598545467.860	118.750	31.950	665399.439215	3536274.605141	3.7222
1598545467.860	118.750	31.950	665399.425117	3536274.583308	3.7223
1598545467.960	118.750	31.950	665399.412128	3536274.563552	3.7223
1598545467.960	118.750	31.950	665399.397203	3536274.540792	3.7223
1598545468.059	118.750	31.950	665399.381806	3536274.517768	3.7224
1598545468.060	118.750	31.950	665399.367554	3536274.496705	3.7225
1598545468.159	118.750	31.950	665399.354741	3536274.477417	3.7226
1598545468.160	118.750	31.950	665399.341044	3536274.456304	3.7227
1598545468.259	118.750	31.950	665399.328497	3536274.436828	3.7228
1598545468.260	118.750	31.950	665399.315595	3536274.417178	3.7228
1598545468.360	118.750	31.950	665399.303218	3536274.398392	3.7229
1598545468.360	118.750	31.950	665399.291761	3536274.381741	3.7230
1598545468.460	118.750	31.950	665399.281422	3536274.366184	3.7231
1598545468.460	118.750	31.950	665399.272715	3536274.352307	3.7233
1598545468.560	118.750	31.950	665399.264703	3536274.339440	3.7233
1598545468.560	118.750	31.950	665399.257651	3536274.328620	3.7234
1598545468.660	118.750	31.950	665399.251866	3536274.319479	3.7234
1598545468.660	118.750	31.950	665399.248017	3536274.313289	3.7234
1598545468.759	118.750	31.950	665399.243423	3536274.306314	3.7234
1598545468.760	118.750	31.950	665399.238782	3536274.299829	3.7232
1598545468.860	118.750	31.950	665399.235144	3536274.295065	3.7232
1598545468.860	118.750	31.950	665399.234763	3536274.295528	3.7232
1598545468.960	118.750	31.950	665399.237971	3536274.301797	3.7233
1598545468.960	118.750	31.950	665399.242956	3536274.311358	3.7234
1598545469.059	118.750	31.950	665399.248351	3536274.321225	3.7235
1598545469.059	118.750	31.950	665399.252711	3536274.328866	3.7234
1598545469.159	118.750	31.950	665399.253069	3536274.331111	3.7233
1598545469.159	118.750	31.950	665399.261372	3536274.343096	3.7234
1598545469.260	118.750	31.950	665399.265228	3536274.349313	3.7234
1598545469.260	118.750	31.950	665399.268700	3536274.354704	3.7235
1598545469.360	118.750	31.950	665399.271096	3536274.358529	3.7236
1598545469.360	118.750	31.950	665399.272957	3536274.361733	3.7236
1598545469.460	118.750	31.950	665399.274903	3536274.364293	3.7236
1598545469.460	118.750	31.950	665399.276103	3536274.365816	3.7237
1598545469.560	118.750	31.950	665399.277643	3536274.368975	3.7237
1598545469.560	118.750	31.950	665399.277211	3536274.367053	3.7237
1598545469.659	118.750	31.950	665399.277172	3536274.366907	3.7237
1598545469.660	118.750	31.950	665399.276983	3536274.366935	3.7237
1598545469.759	118.750	31.950	665399.276836	3536274.367641	3.7237
1598545469.760	118.750	31.950	665399.276573	3536274.368534	3.7238
1598545469.860	118.750	31.950	665399.276099	3536274.369016	3.7238
1598545469.860	118.750	31.950	665399.275735	3536274.369221	3.7238
1598545469.959	118.750	31.950	665399.275473	3536274.369327	3.7238
1598545469.960	118.750	31.950	665399.275101	3536274.369114	3.7238
1598545470.059	118.750	31.950	665399.274456	3536274.368606	3.7239
1598545470.059	118.750	31.950	665399.273667	3536274.367695	3.7239
1598545470.160	118.750	31.950	665399.273294	3536274.368059	3.7238
1598545470.160	118.750	31.950	665399.272596	3536274.367310	3.7239
1598545470.259	118.750	31.950	665399.271898	3536274.366554	3.7239
1598545470.260	118.750	31.950	665399.271189	3536274.365319	3.7239
1598545470.359	118.750	31.950	665399.270345	3536274.363072	3.7241
1598545470.360	118.750	31.950	665399.269805	3536274.362372	3.7241
1598545470.459	118.750	31.950	665399.269603	3536274.361959	3.7241
1598545470.460	118.750	31.950	665399.269705	3536274.361798	3.7242
1598545470.559	118.750	31.950	665399.269840	3536274.361666	3.7242
1598545470.560	118.750	31.950	665399.269994	3536274.361293	3.7242
1598545470.660	118.750	31.950	665399.270028	3536274.361036	3.7242
1598545470.660	118.750	31.950	665399.269783	3536274.360988	3.7242
1598545470.759	118.750	31.950	665399.269579	3536274.361111	3.7242
1598545470.759	118.750	31.950	665399.269471	3536274.360925	3.7243
1598545470.860	118.750	31.950	665399.269504	3536274.360531	3.7242
1598545470.860	118.750	31.950	665399.269719	3536274.360152	3.7243
1598545470.959	118.750	31.950	665399.269964	3536274.359919	3.7243
1598545470.959	118.750	31.950	665399.269920	3536274.359521	3.7243
1598545471.059	118.750	31.950	665399.269962	3536274.358499	3.7243
1598545471.060	118.750	31.950	665399.269619	3536274.358657	3.7243
