1598543645.464	118.750	31.950	665377.783370	3536218.000938	0.4399
1598543645.564	118.750	31.950	665377.969224	3536218.420441	0.4425
1598543645.664	118.750	31.950	665378.152323	3536218.821655	0.4451
1598543645.764	118.750	31.950	665378.335633	3536219.214581	0.4467
1598543645.864	118.750	31.950	665378.423760	3536219.405514	0.4477
1598543645.864	118.750	31.950	665378.512574	3536219.597589	0.4488
1598543645.964	118.750	31.950	665378.599694	3536219.781988	0.4500
1598543645.964	118.750	31.950	665378.685817	3536219.962968	0.4513
1598543646.064	118.750	31.950	665378.772771	3536220.145448	0.4526
1598543646.064	118.750	31.950	665378.856819	3536220.320867	0.4539
1598543646.164	118.750	31.950	665378.939916	3536220.497329	0.4550
1598543646.164	118.750	31.950	665379.024741	3536220.666339	0.4559
1598543646.264	118.750	31.950	665379.107134	3536220.832626	0.4564
1598543646.264	118.750	31.950	665379.188547	3536220.995891	0.4567
1598543646.364	118.750	31.950	665379.270585	3536221.159441	0.4568
1598543646.364	118.750	31.950	665379.349296	3536221.317945	0.4570
1598543646.464	118.750	31.950	665379.427498	3536221.478068	0.4573
1598543646.464	118.750	31.950	665379.502456	3536221.632987	0.4576
1598543646.564	118.750	31.950	665379.576536	3536221.785451	0.4579
1598543646.564	118.750	31.950	665379.649729	3536221.935621	0.4582
1598543646.664	118.750	31.950	665379.722569	3536222.086129	0.4583
1598543646.664	118.750	31.950	665379.794129	3536222.232015	0.4583
1598543646.764	118.750	31.950	665379.865320	3536222.378193	0.4585
1598543646.764	118.750	31.950	665379.933169	3536222.519491	0.4587
1598543646.864	118.750	31.950	665379.999629	3536222.659551	0.4589
1598543646.864	118.750	31.950	665380.066366	3536222.801432	0.4591
1598543646.964	118.750	31.950	665380.130862	3536222.938506	0.4592
1598543646.964	118.750	31.950	665380.194430	3536223.074068	0.4594
1598543647.064	118.750	31.950	665380.259533	3536223.210644	0.4596
1598543647.064	118.750	31.950	665380.322622	3536223.343834	0.4599
1598543647.164	118.750	31.950	665380.386422	3536223.478739	0.4602
1598543647.164	118.750	31.950	665380.449024	3536223.609650	0.4604
1598543647.264	118.750	31.950	665380.511793	3536223.739586	0.4606
1598543647.264	118.750	31.950	665380.575344	3536223.872153	0.4608
1598543647.364	118.750	31.950	665380.637575	3536224.001151	0.4610
1598543647.364	118.750	31.950	665380.699191	3536224.128291	0.4612
1598543647.464	118.750	31.950	665380.760722	3536224.256344	0.4613
1598543647.464	118.750	31.950	665380.820027	3536224.380456	0.4614
1598543647.564	118.750	31.950	665380.878638	3536224.503471	0.4615
1598543647.564	118.750	31.950	665380.938184	3536224.627178	0.4617
1598543647.664	118.750	31.950	665380.995693	3536224.746500	0.4620
1598543647.664	118.750	31.950	665381.051718	3536224.862633	0.4623
1598543647.764	118.750	31.950	665381.107829	3536224.978378	0.4626
1598543647.764	118.750	31.950	665381.162093	3536225.089718	0.4627
1598543647.864	118.750	31.950	665381.215033	3536225.199270	0.4627
1598543647.864	118.750	31.950	665381.267510	3536225.308447	0.4629
1598543647.964	118.750	31.950	665381.317762	3536225.412594	0.4631
1598543647.964	118.750	31.950	665381.367583	3536225.514335	0.4634
1598543648.064	118.750	31.950	665381.418201	3536225.616588	0.4636
1598543648.064	118.750	31.950	665381.466579	3536225.714662	0.4637
1598543648.164	118.750	31.950	665381.514201	3536225.814318	0.4638
1598543648.164	118.750	31.950	665381.559490	3536225.906993	0.4641
1598543648.264	118.750	31.950	665381.603517	3536225.998233	0.4644
1598543648.264	118.750	31.950	665381.648448	3536226.089702	0.4648
1598543648.364	118.750	31.950	665381.691801	3536226.176869	0.4650
1598543648.364	118.750	31.950	665381.733611	3536226.263022	0.4651
1598543648.464	118.750	31.950	665381.775025	3536226.349166	0.4653
1598543648.464	118.750	31.950	665381.814983	3536226.431995	0.4655
1598543648.564	118.750	31.950	665381.853867	3536226.513221	0.4658
1598543648.564	118.750	31.950	665381.893060	3536226.594143	0.4660
1598543648.664	118.750	31.950	665381.930359	3536226.671067	0.4661
1598543648.664	118.750	31.950	665381.966534	3536226.746034	0.4661
1598543648.764	118.750	31.950	665382.002283	3536226.820369	0.4661
1598543648.764	118.750	31.950	665382.035789	3536226.891939	0.4660
1598543648.864	118.750	31.950	665382.068976	3536226.961699	0.4659
1598543648.864	118.750	31.950	665382.102858	3536227.032263	0.4658
1598543648.964	118.750	31.950	665382.135438	3536227.099247	0.4658
1598543648.964	118.750	31.950	665382.167322	3536227.165156	0.4658
1598543649.064	118.750	31.950	665382.200160	3536227.232236	0.4658
1598543649.064	118.750	31.950	665382.231769	3536227.297769	0.4658
1598543649.164	118.750	31.950	665382.264113	3536227.365572	0.4657
1598543649.164	118.750	31.950	665382.294827	3536227.427964	0.4654
1598543649.264	118.750	31.950	665382.325644	3536227.491713	0.4652
1598543649.264	118.750	31.950	665382.357385	3536227.557981	0.4652
1598543649.364	118.750	31.950	665382.388270	3536227.622769	0.4653
1598543649.364	118.750	31.950	665382.419696	3536227.687578	0.4653
1598543649.464	118.750	31.950	665382.452563	3536227.753445	0.4652
1598543649.464	118.750	31.950	665382.484390	3536227.818142	0.4650
1598543649.564	118.750	31.950	665382.515573	3536227.882728	0.4648
1598543649.564	118.750	31.950	665382.547181	3536227.948659	0.4647
1598543649.664	118.750	31.950	665382.577604	3536228.013079	0.4648
1598543649.664	118.750	31.950	665382.609074	3536228.076996	0.4649
1598543649.764	118.750	31.950	665382.639822	3536228.141556	0.4649
1598543649.764	118.750	31.950	665382.672846	3536228.203925	0.4648
1598543649.864	118.750	31.950	665382.703509	3536228.266710	0.4647
1598543649.864	118.750	31.950	665382.734042	3536228.331569	0.4647
1598543649.964	118.750	31.950	665382.763510	3536228.394728	0.4648
1598543649.964	118.750	31.950	665382.794207	3536228.456719	0.4649
1598543650.064	118.750	31.950	665382.826133	3536228.519627	0.4648
1598543650.064	118.750	31.950	665382.856421	3536228.580819	0.4645
1598543650.164	118.750	31.950	665382.886361	3536228.642156	0.4643
1598543650.164	118.750	31.950	665382.913808	3536228.704013	0.4644
1598543650.264	118.750	31.950	665382.940658	3536228.764745	0.4645
1598543650.264	118.750	31.950	665382.968407	3536228.825308	0.4646
1598543650.364	118.750	31.950	665382.995558	3536228.883768	0.4646
1598543650.364	118.750	31.950	665383.022483	3536228.940533	0.4644
1598543650.464	118.750	31.950	665383.048597	3536228.997270	0.4643
1598543650.464	118.750	31.950	665383.073978	3536229.051321	0.4643
1598543650.564	118.750	31.950	665383.098789	3536229.104278	0.4644
1598543650.564	118.750	31.950	665383.123390	3536229.157104	0.4645
1598543650.664	118.750	31.950	665383.146636	3536229.207550	0.4646
1598543650.664	118.750	31.950	665383.169945	3536229.256116	0.4645
1598543650.764	118.750	31.950	665383.193207	3536229.304183	0.4645
1598543650.764	118.750	31.950	665383.215522	3536229.350325	0.4645
1598543650.864	118.750	31.950	665383.236845	3536229.395153	0.4647
1598543650.864	118.750	31.950	665383.258016	3536229.440189	0.4651
1598543650.964	118.750	31.950	665383.278387	3536229.483070	0.4655
1598543650.964	118.750	31.950	665383.297644	3536229.523023	0.4658
1598543651.064	118.750	31.950	665383.318431	3536229.564556	0.4661
1598543651.064	118.750	31.950	665383.339067	3536229.606087	0.4664
1598543651.164	118.750	31.950	665383.360385	3536229.650199	0.4669
1598543651.164	118.750	31.950	665383.379126	3536229.690218	0.4676
1598543651.264	118.750	31.950	665383.399245	3536229.731058	0.4683
1598543651.264	118.750	31.950	665383.420901	3536229.772465	0.4688
1598543651.364	118.750	31.950	665383.442615	3536229.812829	0.4692
1598543651.364	118.750	31.950	665383.464243	3536229.852986	0.4696
1598543651.464	118.750	31.950	665383.486215	3536229.893807	0.4701
1598543651.464	118.750	31.950	665383.507280	3536229.933870	0.4707
1598543651.564	118.750	31.950	665383.528349	3536229.973680	0.4714
1598543651.564	118.750	31.950	665383.549838	3536230.013555	0.4720
1598543651.664	118.750	31.950	665383.570742	3536230.052411	0.4724
1598543651.664	118.750	31.950	665383.591262	3536230.090656	0.4725
1598543651.764	118.750	31.950	665383.611499	3536230.129238	0.4727
1598543651.764	118.750	31.950	665383.630660	3536230.166755	0.4730
1598543651.864	118.750	31.950	665383.648957	3536230.205071	0.4734
1598543651.864	118.750	31.950	665383.667472	3536230.244443	0.4738
1598543651.964	118.750	31.950	665383.685476	3536230.282324	0.4741
1598543651.964	118.750	31.950	665383.703613	3536230.319721	0.4743
1598543652.064	118.750	31.950	665383.721354	3536230.356184	0.4746
1598543652.064	118.750	31.950	665383.739791	3536230.392663	0.4750
1598543652.164	118.750	31.950	665383.759299	3536230.431536	0.4754
1598543652.164	118.750	31.950	665383.778410	3536230.467662	0.4757
1598543652.264	118.750	31.950	665383.796988	3536230.502144	0.4760
1598543652.264	118.750	31.950	665383.815597	3536230.539241	0.4762
1598543652.364	118.750	31.950	665383.834012	3536230.576230	0.4764
1598543652.364	118.750	31.950	665383.852849	3536230.613219	0.4766
1598543652.464	118.750	31.950	665383.872424	3536230.649503	0.4767
1598543652.464	118.750	31.950	665383.891048	3536230.684610	0.4769
1598543652.564	118.750	31.950	665383.909172	3536230.719689	0.4771
1598543652.564	118.750	31.950	665383.926492	3536230.754791	0.4773
1598543652.664	118.750	31.950	665383.942913	3536230.788520	0.4775
1598543652.664	118.750	31.950	665383.957866	3536230.818304	0.4775
1598543652.764	118.750	31.950	665383.973576	3536230.850862	0.4776
1598543652.764	118.750	31.950	665383.990641	3536230.884464	0.4777
1598543652.864	118.750	31.950	665384.006266	3536230.913687	0.4777
1598543652.864	118.750	31.950	665384.020995	3536230.941294	0.4778
1598543652.964	118.750	31.950	665384.034524	3536230.966776	0.4779
1598543652.964	118.750	31.950	665384.047351	3536230.991736	0.4782
1598543653.064	118.750	31.950	665384.059515	3536231.015953	0.4783
1598543653.064	118.750	31.950	665384.072373	3536231.040922	0.4785
1598543653.164	118.750	31.950	665384.087262	3536231.069927	0.4786
1598543653.164	118.750	31.950	665384.097338	3536231.090375	0.4787
1598543653.264	118.750	31.950	665384.109906	3536231.114296	0.4788
1598543653.264	118.750	31.950	665384.123566	3536231.140376	0.4789
1598543653.364	118.750	31.950	665384.137226	3536231.166422	0.4791
1598543653.364	118.750	31.950	665384.151100	3536231.193233	0.4792
1598543653.464	118.750	31.950	665384.165773	3536231.220873	0.4794
1598543653.464	118.750	31.950	665384.180371	3536231.248777	0.4797
1598543653.564	118.750	31.950	665384.194910	3536231.276959	0.4799
1598543653.564	118.750	31.950	665384.210764	3536231.307529	0.4802
1598543653.664	118.750	31.950	665384.226780	3536231.338053	0.4805
1598543653.664	118.750	31.950	665384.243630	3536231.369159	0.4807
1598543653.764	118.750	31.950	665384.261215	3536231.401305	0.4810
1598543653.764	118.750	31.950	665384.277936	3536231.432797	0.4812
1598543653.864	118.750	31.950	665384.293949	3536231.463868	0.4815
1598543653.864	118.750	31.950	665384.310126	3536231.495510	0.4819
1598543653.964	118.750	31.950	665384.326198	3536231.526963	0.4822
1598543653.964	118.750	31.950	665384.343031	3536231.559835	0.4826
1598543654.064	118.750	31.950	665384.358495	3536231.590899	0.4830
1598543654.064	118.750	31.950	665384.374266	3536231.622676	0.4834
1598543654.164	118.750	31.950	665384.390719	3536231.654862	0.4839
1598543654.164	118.750	31.950	665384.406615	3536231.687025	0.4843
1598543654.264	118.750	31.950	665384.423346	3536231.719204	0.4848
1598543654.264	118.750	31.950	665384.440264	3536231.751673	0.4852
1598543654.364	118.750	31.950	665384.457052	3536231.783235	0.4856
1598543654.364	118.750	31.950	665384.473297	3536231.814190	0.4860
1598543654.464	118.750	31.950	665384.489266	3536231.844931	0.4863
1598543654.464	118.750	31.950	665384.505207	3536231.874906	0.4867
1598543654.564	118.750	31.950	665384.521259	3536231.904913	0.4871
1598543654.564	118.750	31.950	665384.537353	3536231.934530	0.4875
1598543654.664	118.750	31.950	665384.552041	3536231.962126	0.4878
1598543654.664	118.750	31.950	665384.565792	3536231.988360	0.4880
1598543654.764	118.750	31.950	665384.579341	3536232.014323	0.4882
1598543654.764	118.750	31.950	665384.590527	3536232.038315	0.4885
1598543654.864	118.750	31.950	665384.602319	3536232.061498	0.4888
1598543654.864	118.750	31.950	665384.612877	3536232.082654	0.4891
1598543654.964	118.750	31.950	665384.623901	3536232.104235	0.4893
1598543654.964	118.750	31.950	665384.631432	3536232.120120	0.4895
1598543655.064	118.750	31.950	665384.639642	3536232.137485	0.4897
1598543655.064	118.750	31.950	665384.647765	3536232.153636	0.4898
1598543655.164	118.750	31.950	665384.656864	3536232.172185	0.4900
1598543655.164	118.750	31.950	665384.664044	3536232.184152	0.4902
1598543655.264	118.750	31.950	665384.671826	3536232.198080	0.4903
1598543655.264	118.750	31.950	665384.679654	3536232.212644	0.4904
1598543655.364	118.750	31.950	665384.687186	3536232.226500	0.4905
1598543655.364	118.750	31.950	665384.694625	3536232.239961	0.4906
1598543655.464	118.750	31.950	665384.702129	3536232.253259	0.4907
1598543655.464	118.750	31.950	665384.708844	3536232.266181	0.4908
1598543655.564	118.750	31.950	665384.715229	3536232.278770	0.4909
1598543655.564	118.750	31.950	665384.722097	3536232.291796	0.4910
1598543655.664	118.750	31.950	665384.728668	3536232.304587	0.4910
1598543655.664	118.750	31.950	665384.735153	3536232.316936	0.4911
1598543655.764	118.750	31.950	665384.741683	3536232.329200	0.4912
1598543655.764	118.750	31.950	665384.748446	3536232.341702	0.4913
1598543655.864	118.750	31.950	665384.755589	3536232.354386	0.4914
1598543655.864	118.750	31.950	665384.763091	3536232.367016	0.4914
1598543655.964	118.750	31.950	665384.770510	3536232.379415	0.4915
1598543655.964	118.750	31.950	665384.777772	3536232.392182	0.4916
1598543656.064	118.750	31.950	665384.784902	3536232.404418	0.4917
1598543656.064	118.750	31.950	665384.791646	3536232.415898	0.4918
1598543656.164	118.750	31.950	665384.797799	3536232.427017	0.4919
1598543656.164	118.750	31.950	665384.805367	3536232.439479	0.4919
1598543656.264	118.750	31.950	665384.812232	3536232.451236	0.4920
1598543656.264	118.750	31.950	665384.818694	3536232.462836	0.4921
1598543656.364	118.750	31.950	665384.824672	3536232.473876	0.4921
1598543656.364	118.750	31.950	665384.830262	3536232.484080	0.4922
1598543656.464	118.750	31.950	665384.835449	3536232.493816	0.4922
1598543656.464	118.750	31.950	665384.839805	3536232.502419	0.4923
1598543656.564	118.750	31.950	665384.843724	3536232.510364	0.4924
1598543656.564	118.750	31.950	665384.847439	3536232.517924	0.4925
1598543656.664	118.750	31.950	665384.850623	3536232.524833	0.4925
1598543656.664	118.750	31.950	665384.853505	3536232.531062	0.4925
1598543656.764	118.750	31.950	665384.855991	3536232.536509	0.4926
1598543656.764	118.750	31.950	665384.857802	3536232.540922	0.4926
1598543656.864	118.750	31.950	665384.859485	3536232.544759	0.4927
1598543656.864	118.750	31.950	665384.860960	3536232.547648	0.4927
1598543656.964	118.750	31.950	665384.862145	3536232.549831	0.4928
1598543656.964	118.750	31.950	665384.862844	3536232.551412	0.4928
1598543657.064	118.750	31.950	665384.863229	3536232.551926	0.4928
1598543657.064	118.750	31.950	665384.863107	3536232.551623	0.4928
1598543657.164	118.750	31.950	665384.863115	3536232.552189	0.4929
1598543657.164	118.750	31.950	665384.863071	3536232.549204	0.4929
1598543657.264	118.750	31.950	665384.862810	3536232.547507	0.4930
1598543657.264	118.750	31.950	665384.862512	3536232.545207	0.4930
1598543657.364	118.750	31.950	665384.861647	3536232.541811	0.4931
1598543657.364	118.750	31.950	665384.860504	3536232.538642	0.4931
1598543657.464	118.750	31.950	665384.859781	3536232.535846	0.4931
1598543657.464	118.750	31.950	665384.859436	3536232.533802	0.4932
1598543657.564	118.750	31.950	665384.859119	3536232.532047	0.4932
1598543657.564	118.750	31.950	665384.858604	3536232.530825	0.4932
1598543657.664	118.750	31.950	665384.858443	3536232.529274	0.4931
1598543657.664	118.750	31.950	665384.858261	3536232.527872	0.4932
1598543657.764	118.750	31.950	665384.858092	3536232.526658	0.4932
1598543657.764	118.750	31.950	665384.858052	3536232.525413	0.4933
1598543657.864	118.750	31.950	665384.858190	3536232.524878	0.4933
1598543657.864	118.750	31.950	665384.858696	3536232.524434	0.4933
1598543657.964	118.750	31.950	665384.859350	3536232.524097	0.4933
1598543657.964	118.750	31.950	665384.860093	3536232.524342	0.4934
1598543658.064	118.750	31.950	665384.860539	3536232.524555	0.4934
1598543658.064	118.750	31.950	665384.860423	3536232.524416	0.4934
1598543658.164	118.750	31.950	665384.860565	3536232.524218	0.4934
1598543658.164	118.750	31.950	665384.860334	3536232.524203	0.4934
1598543658.264	118.750	31.950	665384.860434	3536232.524195	0.4934
1598543658.264	118.750	31.950	665384.860694	3536232.524106	0.4935
1598543658.364	118.750	31.950	665384.861009	3536232.524008	0.4935
1598543658.364	118.750	31.950	665384.861316	3536232.524106	0.4935
1598543658.464	118.750	31.950	665384.861255	3536232.524236	0.4935
1598543658.464	118.750	31.950	665384.861076	3536232.524232	0.4936
1598543658.564	118.750	31.950	665384.860974	3536232.524303	0.4936
1598543658.564	118.750	31.950	665384.861060	3536232.524732	0.4936
1598543658.664	118.750	31.950	665384.860887	3536232.524645	0.4936
1598543658.664	118.750	31.950	665384.860545	3536232.524021	0.4936
1598543658.764	118.750	31.950	665384.860514	3536232.524181	0.4936
1598543658.764	118.750	31.950	665384.859994	3536232.523192	0.4936
1598543658.864	118.750	31.950	665384.859386	3536232.522772	0.4936
1598543658.864	118.750	31.950	665384.858978	3536232.522657	0.4936
1598543658.964	118.750	31.950	665384.858693	3536232.522628	0.4936
1598543658.964	118.750	31.950	665384.858658	3536232.522774	0.4936
1598543659.064	118.750	31.950	665384.858604	3536232.522651	0.4936
1598543659.064	118.750	31.950	665384.858741	3536232.522535	0.4936
1598543659.164	118.750	31.950	665384.858588	3536232.522622	0.4936
1598543659.164	118.750	31.950	665384.859057	3536232.522189	0.4936
1598543659.264	118.750	31.950	665384.859449	3536232.522097	0.4936
1598543659.264	118.750	31.950	665384.859885	3536232.522263	0.4936
1598543659.364	118.750	31.950	665384.860383	3536232.522445	0.4936
1598543659.364	118.750	31.950	665384.860686	3536232.522684	0.4936
1598543659.464	118.750	31.950	665384.860563	3536232.522715	0.4936
1598543659.464	118.750	31.950	665384.860093	3536232.522830	0.4936
1598543659.564	118.750	31.950	665384.859727	3536232.523039	0.4937
1598543659.564	118.750	31.950	665384.859611	3536232.523004	0.4937
1598543659.664	118.750	31.950	665384.859299	3536232.522666	0.4937
1598543659.664	118.750	31.950	665384.859283	3536232.522323	0.4937
1598543659.764	118.750	31.950	665384.859281	3536232.522022	0.4937
1598543659.764	118.750	31.950	665384.859090	3536232.521728	0.4937
1598543659.864	118.750	31.950	665384.858745	3536232.521260	0.4937
1598543659.864	118.750	31.950	665384.858468	3536232.520984	0.4937
1598543659.964	118.750	31.950	665384.858238	3536232.520767	0.4937
1598543659.964	118.750	31.950	665384.858501	3536232.520680	0.4938
1598543660.063	118.750	31.950	665384.858555	3536232.520635	0.4937
1598543660.064	118.750	31.950	665384.858518	3536232.520702	0.4938
1598543660.163	118.750	31.950	665384.858408	3536232.520826	0.4938
1598543660.164	118.750	31.950	665384.858109	3536232.520840	0.4937
1598543660.264	118.750	31.950	665384.858228	3536232.520789	0.4937
1598543660.264	118.750	31.950	665384.858742	3536232.520589	0.4938
1598543660.363	118.750	31.950	665384.859281	3536232.520528	0.4938
1598543660.364	118.750	31.950	665384.859677	3536232.520793	0.4937
1598543660.463	118.750	31.950	665384.859902	3536232.520564	0.4938
1598543660.464	118.750	31.950	665384.860112	3536232.520484	0.4938
1598543660.563	118.750	31.950	665384.860293	3536232.520395	0.4938
1598543660.564	118.750	31.950	665384.860445	3536232.520314	0.4938
1598543660.664	118.750	31.950	665384.860833	3536232.520381	0.4939
1598543660.664	118.750	31.950	665384.861115	3536232.520699	0.4939
1598543660.764	118.750	31.950	665384.861283	3536232.521006	0.4939
1598543660.764	118.750	31.950	665384.861158	3536232.521453	0.4939
1598543660.863	118.750	31.950	665384.860909	3536232.521577	0.4939
1598543660.864	118.750	31.950	665384.860873	3536232.521590	0.4939
1598543660.964	118.750	31.950	665384.860924	3536232.521664	0.4939
1598543660.964	118.750	31.950	665384.860946	3536232.522091	0.4940
1598543661.064	118.750	31.950	665384.860917	3536232.522635	0.4940
1598543661.064	118.750	31.950	665384.860568	3536232.522963	0.4940
1598543661.163	118.750	31.950	665384.860611	3536232.523418	0.4940
1598543661.164	118.750	31.950	665384.859959	3536232.523300	0.4940
1598543661.264	118.750	31.950	665384.860053	3536232.523577	0.4940
1598543661.264	118.750	31.950	665384.860201	3536232.523812	0.4940
1598543661.363	118.750	31.950	665384.860331	3536232.524003	0.4940
1598543661.363	118.750	31.950	665384.860513	3536232.523854	0.4941
1598543661.463	118.750	31.950	665384.860595	3536232.523843	0.4940
1598543661.464	118.750	31.950	665384.860851	3536232.523870	0.4940
1598543661.563	118.750	31.950	665384.861138	3536232.523846	0.4940
1598543661.564	118.750	31.950	665384.861312	3536232.523998	0.4940
1598543661.664	118.750	31.950	665384.861155	3536232.523972	0.4940
1598543661.664	118.750	31.950	665384.861145	3536232.524057	0.4940
1598543661.763	118.750	31.950	665384.861275	3536232.524157	0.4940
1598543661.764	118.750	31.950	665384.861191	3536232.523854	0.4940
1598543661.863	118.750	31.950	665384.860927	3536232.523566	0.4940
1598543661.863	118.750	31.950	665384.860932	3536232.523556	0.4940
1598543661.964	118.750	31.950	665384.861012	3536232.523572	0.4940
1598543661.964	118.750	31.950	665384.860826	3536232.523478	0.4940
1598543662.063	118.750	31.950	665384.860356	3536232.523278	0.4940
1598543662.064	118.750	31.950	665384.860235	3536232.523158	0.4940
1598543662.163	118.750	31.950	665384.860148	3536232.523422	0.4940
1598543662.164	118.750	31.950	665384.860051	3536232.523280	0.4940
1598543662.264	118.750	31.950	665384.859612	3536232.522562	0.4940
1598543662.264	118.750	31.950	665384.859464	3536232.522608	0.4940
1598543662.363	118.750	31.950	665384.859310	3536232.522721	0.4941
1598543662.364	118.750	31.950	665384.859469	3536232.522609	0.4941
1598543662.464	118.750	31.950	665384.859729	3536232.522451	0.4941
1598543662.464	118.750	31.950	665384.860006	3536232.522323	0.4941
1598543662.563	118.750	31.950	665384.860205	3536232.522176	0.4941
1598543662.564	118.750	31.950	665384.860585	3536232.522124	0.4941
1598543662.664	118.750	31.950	665384.861337	3536232.522427	0.4941
1598543662.664	118.750	31.950	665384.861611	3536232.522226	0.4941
1598543662.763	118.750	31.950	665384.861777	3536232.521945	0.4941
1598543662.763	118.750	31.950	665384.861896	3536232.521676	0.4941
1598543662.863	118.750	31.950	665384.862034	3536232.521427	0.4941
1598543662.864	118.750	31.950	665384.862169	3536232.521255	0.4941
1598543662.964	118.750	31.950	665384.862251	3536232.521150	0.4941
1598543662.964	118.750	31.950	665384.862369	3536232.520937	0.4941
1598543663.064	118.750	31.950	665384.862242	3536232.520728	0.4941
1598543663.064	118.750	31.950	665384.862053	3536232.520718	0.4941
1598543663.163	118.750	31.950	665384.862095	3536232.520887	0.4941
1598543663.164	118.750	31.950	665384.862136	3536232.520665	0.4941
