1598545267.862	118.756	31.958	665966.839774	3537099.788484	3.2923
1598545267.962	118.756	31.958	665966.792304	3537099.457981	3.2933
1598545268.062	118.756	31.958	665966.744476	3537099.131858	3.2951
1598545268.162	118.756	31.958	665966.697140	3537098.806076	3.2971
1598545268.262	118.756	31.958	665966.673316	3537098.645124	3.2979
1598545268.262	118.756	31.958	665966.649701	3537098.481792	3.2985
1598545268.362	118.756	31.958	665966.627231	3537098.322728	3.2988
1598545268.362	118.756	31.958	665966.603188	3537098.163894	3.2990
1598545268.462	118.756	31.958	665966.577976	3537098.002921	3.2990
1598545268.462	118.756	31.958	665966.553584	3537097.846498	3.2990
1598545268.562	118.756	31.958	665966.528660	3537097.690880	3.2989
1598545268.562	118.756	31.958	665966.503836	3537097.532170	3.2986
1598545268.662	118.756	31.958	665966.480223	3537097.375961	3.2983
1598545268.662	118.756	31.958	665966.457730	3537097.220311	3.2981
1598545268.762	118.756	31.958	665966.434594	3537097.062311	3.2980
1598545268.762	118.756	31.958	665966.412556	3537096.907805	3.2978
1598545268.862	118.756	31.958	665966.390789	3537096.753343	3.2976
1598545268.862	118.756	31.958	665966.367895	3537096.594865	3.2973
1598545268.962	118.756	31.958	665966.345974	3537096.439520	3.2969
1598545268.962	118.756	31.958	665966.324888	3537096.285683	3.2965
1598545269.062	118.756	31.958	665966.304320	3537096.128823	3.2960
1598545269.062	118.756	31.958	665966.283698	3537095.976719	3.2955
1598545269.162	118.756	31.958	665966.262404	3537095.825569	3.2950
1598545269.162	118.756	31.958	665966.241457	3537095.671702	3.2944
1598545269.262	118.756	31.958	665966.220407	3537095.521612	3.2939
1598545269.262	118.756	31.958	665966.200543	3537095.372698	3.2934
1598545269.362	118.756	31.958	665966.180343	3537095.222070	3.2930
1598545269.362	118.756	31.958	665966.160825	3537095.074890	3.2925
1598545269.462	118.756	31.958	665966.141018	3537094.928308	3.2920
1598545269.462	118.756	31.958	665966.121484	3537094.779512	3.2914
1598545269.562	118.756	31.958	665966.102652	3537094.634496	3.2910
1598545269.562	118.756	31.958	665966.084138	3537094.490275	3.2905
1598545269.662	118.756	31.958	665966.065332	3537094.343724	3.2901
1598545269.662	118.756	31.958	665966.046993	3537094.199956	3.2896
1598545269.762	118.756	31.958	665966.029180	3537094.053399	3.2891
1598545269.762	118.756	31.958	665966.010626	3537093.910224	3.2887
1598545269.862	118.756	31.958	665965.992555	3537093.767332	3.2882
1598545269.862	118.756	31.958	665965.973351	3537093.621501	3.2879
1598545269.962	118.756	31.958	665965.955139	3537093.479062	3.2877
1598545269.962	118.756	31.958	665965.937794	3537093.337217	3.2875
1598545270.062	118.756	31.958	665965.919291	3537093.192850	3.2874
1598545270.062	118.756	31.958	665965.900854	3537093.051434	3.2873
1598545270.162	118.756	31.958	665965.883044	3537092.911842	3.2872
1598545270.162	118.756	31.958	665965.863360	3537092.767468	3.2872
1598545270.262	118.756	31.958	665965.845360	3537092.627872	3.2873
1598545270.262	118.756	31.958	665965.827249	3537092.489052	3.2875
1598545270.362	118.756	31.958	665965.808628	3537092.348529	3.2877
1598545270.362	118.756	31.958	665965.790557	3537092.212227	3.2878
1598545270.462	118.756	31.958	665965.772953	3537092.077122	3.2880
1598545270.462	118.756	31.958	665965.755016	3537091.938711	3.2883
1598545270.562	118.756	31.958	665965.737822	3537091.803753	3.2888
1598545270.562	118.756	31.958	665965.720641	3537091.669632	3.2893
1598545270.662	118.756	31.958	665965.703005	3537091.533808	3.2899
1598545270.662	118.756	31.958	665965.685450	3537091.402458	3.2904
1598545270.762	118.756	31.958	665965.667812	3537091.271981	3.2908
1598545270.762	118.756	31.958	665965.649515	3537091.140397	3.2913
1598545270.862	118.756	31.958	665965.631154	3537091.011690	3.2917
1598545270.862	118.756	31.958	665965.612088	3537090.884958	3.2920
1598545270.962	118.756	31.958	665965.592443	3537090.757714	3.2922
1598545270.962	118.756	31.958	665965.573648	3537090.634921	3.2924
1598545271.062	118.756	31.958	665965.555295	3537090.513381	3.2927
1598545271.062	118.756	31.958	665965.537629	3537090.392239	3.2930
1598545271.162	118.756	31.958	665965.521045	3537090.279215	3.2932
1598545271.162	118.756	31.958	665965.503901	3537090.162598	3.2934
1598545271.262	118.756	31.958	665965.487569	3537090.049922	3.2937
1598545271.262	118.756	31.958	665965.470963	3537089.943405	3.2939
1598545271.362	118.756	31.958	665965.454912	3537089.840127	3.2941
1598545271.362	118.756	31.958	665965.439841	3537089.740501	3.2942
1598545271.462	118.756	31.958	665965.425599	3537089.647021	3.2943
1598545271.462	118.756	31.958	665965.412274	3537089.559043	3.2942
1598545271.562	118.756	31.958	665965.398839	3537089.473592	3.2942
1598545271.562	118.756	31.958	665965.386207	3537089.393253	3.2942
1598545271.662	118.756	31.958	665965.375241	3537089.317100	3.2943
1598545271.662	118.756	31.958	665965.366220	3537089.245330	3.2943
1598545271.762	118.756	31.958	665965.358391	3537089.180880	3.2943
1598545271.762	118.756	31.958	665965.351092	3537089.120396	3.2942
1598545271.862	118.756	31.958	665965.344646	3537089.062663	3.2942
1598545271.862	118.756	31.958	665965.338157	3537089.008858	3.2943
1598545271.962	118.756	31.958	665965.332546	3537088.958815	3.2946
1598545271.962	118.756	31.958	665965.327034	3537088.908948	3.2948
1598545272.062	118.756	31.958	665965.321889	3537088.863123	3.2949
1598545272.062	118.756	31.958	665965.315969	3537088.816442	3.2949
1598545272.162	118.756	31.958	665965.309693	3537088.767141	3.2949
1598545272.162	118.756	31.958	665965.304855	3537088.727424	3.2950
1598545272.262	118.756	31.958	665965.300232	3537088.692074	3.2952
1598545272.262	118.756	31.958	665965.295559	3537088.652420	3.2953
1598545272.362	118.756	31.958	665965.290704	3537088.613433	3.2954
1598545272.362	118.756	31.958	665965.284583	3537088.572575	3.2954
1598545272.462	118.756	31.958	665965.279169	3537088.532709	3.2955
1598545272.462	118.756	31.958	665965.273580	3537088.492386	3.2955
1598545272.562	118.756	31.958	665965.268125	3537088.451807	3.2956
1598545272.562	118.756	31.958	665965.262581	3537088.411860	3.2957
1598545272.662	118.756	31.958	665965.256254	3537088.369038	3.2959
1598545272.662	118.756	31.958	665965.250629	3537088.330397	3.2960
1598545272.762	118.756	31.958	665965.244241	3537088.288954	3.2961
1598545272.762	118.756	31.958	665965.238007	3537088.246662	3.2962
1598545272.862	118.756	31.958	665965.232018	3537088.203121	3.2962
1598545272.862	118.756	31.958	665965.226304	3537088.161095	3.2963
1598545272.962	118.756	31.958	665965.220522	3537088.119397	3.2963
1598545272.962	118.756	31.958	665965.214328	3537088.076966	3.2964
1598545273.062	118.756	31.958	665965.207528	3537088.034142	3.2964
1598545273.062	118.756	31.958	665965.200194	3537087.990470	3.2965
1598545273.162	118.756	31.958	665965.193554	3537087.949459	3.2965
1598545273.162	118.756	31.958	665965.186448	3537087.906262	3.2965
1598545273.262	118.756	31.958	665965.179908	3537087.861460	3.2966
1598545273.262	118.756	31.958	665965.172949	3537087.819115	3.2968
1598545273.362	118.756	31.958	665965.166268	3537087.778884	3.2969
1598545273.362	118.756	31.958	665965.160433	3537087.739104	3.2969
1598545273.462	118.756	31.958	665965.155019	3537087.698976	3.2970
1598545273.462	118.756	31.958	665965.149576	3537087.660759	3.2970
1598545273.562	118.756	31.958	665965.144233	3537087.623261	3.2970
1598545273.562	118.756	31.958	665965.139185	3537087.586755	3.2970
1598545273.662	118.756	31.958	665965.134279	3537087.551819	3.2971
1598545273.662	118.756	31.958	665965.129849	3537087.519761	3.2971
1598545273.762	118.756	31.958	665965.125947	3537087.486018	3.2971
1598545273.762	118.756	31.958	665965.121365	3537087.455948	3.2971
1598545273.862	118.756	31.958	665965.117491	3537087.427605	3.2972
1598545273.862	118.756	31.958	665965.113498	3537087.400458	3.2972
1598545273.962	118.756	31.958	665965.109862	3537087.376125	3.2972
1598545273.962	118.756	31.958	665965.106473	3537087.351936	3.2972
1598545274.062	118.756	31.958	665965.103215	3537087.328849	3.2972
1598545274.062	118.756	31.958	665965.100084	3537087.306688	3.2972
1598545274.162	118.756	31.958	665965.096477	3537087.283010	3.2972
1598545274.162	118.756	31.958	665965.093920	3537087.266543	3.2973
1598545274.262	118.756	31.958	665965.090697	3537087.247525	3.2974
1598545274.262	118.756	31.958	665965.088073	3537087.228718	3.2974
1598545274.362	118.756	31.958	665965.085647	3537087.209840	3.2974
1598545274.362	118.756	31.958	665965.084089	3537087.193441	3.2974
1598545274.462	118.756	31.958	665965.083026	3537087.179410	3.2975
1598545274.462	118.756	31.958	665965.082559	3537087.168113	3.2976
1598545274.562	118.756	31.958	665965.081949	3537087.157785	3.2975
1598545274.562	118.756	31.958	665965.081055	3537087.150385	3.2975
1598545274.662	118.756	31.958	665965.079831	3537087.139441	3.2974
1598545274.662	118.756	31.958	665965.079639	3537087.136378	3.2973
1598545274.762	118.756	31.958	665965.079624	3537087.132476	3.2973
1598545274.762	118.756	31.958	665965.080183	3537087.133284	3.2974
1598545274.862	118.756	31.958	665965.081419	3537087.139828	3.2974
1598545274.862	118.756	31.958	665965.083008	3537087.148937	3.2975
1598545274.962	118.756	31.958	665965.085397	3537087.162721	3.2974
1598545274.962	118.756	31.958	665965.087169	3537087.174845	3.2974
1598545275.062	118.756	31.958	665965.088832	3537087.186038	3.2973
1598545275.062	118.756	31.958	665965.089462	3537087.192680	3.2973
1598545275.162	118.756	31.958	665965.090086	3537087.196564	3.2973
1598545275.162	118.756	31.958	665965.090494	3537087.202019	3.2974
1598545275.262	118.756	31.958	665965.090091	3537087.209264	3.2974
1598545275.262	118.756	31.958	665965.090685	3537087.214234	3.2973
1598545275.362	118.756	31.958	665965.091259	3537087.217770	3.2973
1598545275.362	118.756	31.958	665965.091460	3537087.219814	3.2973
1598545275.462	118.756	31.958	665965.091544	3537087.220431	3.2974
1598545275.462	118.756	31.958	665965.091673	3537087.220468	3.2974
1598545275.562	118.756	31.958	665965.091897	3537087.220125	3.2973
1598545275.562	118.756	31.958	665965.092305	3537087.218348	3.2973
1598545275.662	118.756	31.958	665965.092290	3537087.220111	3.2973
1598545275.662	118.756	31.958	665965.092265	3537087.220328	3.2974
1598545275.762	118.756	31.958	665965.092179	3537087.220330	3.2974
1598545275.762	118.756	31.958	665965.091925	3537087.220202	3.2974
1598545275.862	118.756	31.958	665965.091794	3537087.219175	3.2973
1598545275.862	118.756	31.958	665965.091558	3537087.218013	3.2974
1598545275.962	118.756	31.958	665965.091208	3537087.217094	3.2974
1598545275.962	118.756	31.958	665965.090423	3537087.216413	3.2974
1598545276.062	118.756	31.958	665965.090111	3537087.215560	3.2974
1598545276.062	118.756	31.958	665965.090140	3537087.215630	3.2974
1598545276.162	118.756	31.958	665965.089509	3537087.215510	3.2974
1598545276.162	118.756	31.958	665965.090080	3537087.216035	3.2974
1598545276.262	118.756	31.958	665965.089988	3537087.216340	3.2974
1598545276.262	118.756	31.958	665965.090122	3537087.216846	3.2974
1598545276.362	118.756	31.958	665965.090249	3537087.217374	3.2974
1598545276.362	118.756	31.958	665965.090616	3537087.218150	3.2975
1598545276.462	118.756	31.958	665965.090871	3537087.218637	3.2975
1598545276.462	118.756	31.958	665965.091275	3537087.218549	3.2975
1598545276.562	118.756	31.958	665965.091716	3537087.218394	3.2975
1598545276.562	118.756	31.958	665965.092229	3537087.219044	3.2975
1598545276.662	118.756	31.958	665965.091976	3537087.219083	3.2975
1598545276.662	118.756	31.958	665965.091807	3537087.219402	3.2975
1598545276.762	118.756	31.958	665965.091616	3537087.219752	3.2975
1598545276.762	118.756	31.958	665965.091664	3537087.220163	3.2975
1598545276.862	118.756	31.958	665965.091611	3537087.220853	3.2975
1598545276.862	118.756	31.958	665965.091610	3537087.221197	3.2975
1598545276.962	118.756	31.958	665965.091499	3537087.221604	3.2975
1598545276.962	118.756	31.958	665965.091569	3537087.222131	3.2975
1598545277.062	118.756	31.958	665965.091729	3537087.222309	3.2976
1598545277.062	118.756	31.958	665965.091586	3537087.222275	3.2976
1598545277.162	118.756	31.958	665965.091135	3537087.222404	3.2976
1598545277.162	118.756	31.958	665965.091727	3537087.222544	3.2975
