1598545004.415	118.757	31.966	666046.261946	3537985.658183	3.1734
1598545004.515	118.757	31.966	666046.249498	3537985.013748	3.1736
1598545004.615	118.757	31.966	666046.237135	3537984.363303	3.1736
1598545004.715	118.757	31.966	666046.224911	3537983.712348	3.1737
1598545004.815	118.757	31.966	666046.219202	3537983.389329	3.1739
1598545004.815	118.757	31.966	666046.213110	3537983.068892	3.1740
1598545004.915	118.757	31.966	666046.206229	3537982.741434	3.1740
1598545004.915	118.757	31.966	666046.200111	3537982.420242	3.1740
1598545005.015	118.757	31.966	666046.194274	3537982.098609	3.1741
1598545005.015	118.757	31.966	666046.188807	3537981.770361	3.1742
1598545005.115	118.757	31.966	666046.182873	3537981.445974	3.1742
1598545005.115	118.757	31.966	666046.175861	3537981.123781	3.1741
1598545005.215	118.757	31.966	666046.169503	3537980.796875	3.1741
1598545005.215	118.757	31.966	666046.163668	3537980.473439	3.1741
1598545005.315	118.757	31.966	666046.157182	3537980.152452	3.1740
1598545005.315	118.757	31.966	666046.149943	3537979.825050	3.1741
1598545005.415	118.757	31.966	666046.142834	3537979.501990	3.1740
1598545005.415	118.757	31.966	666046.135251	3537979.174472	3.1740
1598545005.515	118.757	31.966	666046.128856	3537978.852938	3.1739
1598545005.515	118.757	31.966	666046.122893	3537978.530997	3.1739
1598545005.615	118.757	31.966	666046.116651	3537978.202709	3.1739
1598545005.615	118.757	31.966	666046.110222	3537977.881233	3.1738
1598545005.715	118.757	31.966	666046.104174	3537977.557100	3.1737
1598545005.715	118.757	31.966	666046.098380	3537977.226034	3.1736
1598545005.815	118.757	31.966	666046.093154	3537976.903569	3.1735
1598545005.815	118.757	31.966	666046.087235	3537976.581477	3.1733
1598545005.914	118.757	31.966	666046.081739	3537976.252798	3.1731
1598545005.915	118.757	31.966	666046.077060	3537975.930551	3.1730
1598545006.015	118.757	31.966	666046.071864	3537975.608906	3.1729
1598545006.015	118.757	31.966	666046.066914	3537975.279659	3.1729
1598545006.114	118.757	31.966	666046.061939	3537974.957230	3.1727
1598545006.115	118.757	31.966	666046.056230	3537974.635354	3.1725
1598545006.215	118.757	31.966	666046.050891	3537974.306577	3.1723
1598545006.215	118.757	31.966	666046.046273	3537973.982872	3.1723
1598545006.315	118.757	31.966	666046.042177	3537973.662249	3.1722
1598545006.315	118.757	31.966	666046.037613	3537973.332453	3.1722
1598545006.414	118.757	31.966	666046.032610	3537973.010322	3.1720
1598545006.415	118.757	31.966	666046.027900	3537972.691042	3.1718
1598545006.515	118.757	31.966	666046.024145	3537972.365274	3.1716
1598545006.515	118.757	31.966	666046.020803	3537972.046123	3.1715
1598545006.615	118.757	31.966	666046.016265	3537971.723630	3.1713
1598545006.615	118.757	31.966	666046.012036	3537971.397566	3.1710
1598545006.714	118.757	31.966	666046.008331	3537971.075528	3.1708
1598545006.715	118.757	31.966	666046.004562	3537970.755464	3.1706
1598545006.815	118.757	31.966	666045.999018	3537970.429224	3.1703
1598545006.815	118.757	31.966	666045.992387	3537970.106957	3.1702
1598545006.915	118.757	31.966	666045.988087	3537969.787020	3.1699
1598545006.915	118.757	31.966	666045.982015	3537969.457804	3.1695
1598545007.015	118.757	31.966	666045.976696	3537969.135208	3.1691
1598545007.015	118.757	31.966	666045.972567	3537968.815448	3.1688
1598545007.114	118.757	31.966	666045.969094	3537968.489384	3.1688
1598545007.115	118.757	31.966	666045.964637	3537968.170032	3.1689
1598545007.214	118.757	31.966	666045.958667	3537967.847635	3.1689
1598545007.214	118.757	31.966	666045.953813	3537967.521707	3.1688
1598545007.315	118.757	31.966	666045.949101	3537967.200407	3.1687
1598545007.315	118.757	31.966	666045.944327	3537966.879489	3.1688
1598545007.414	118.757	31.966	666045.939014	3537966.555177	3.1688
1598545007.415	118.757	31.966	666045.933664	3537966.235436	3.1686
1598545007.514	118.757	31.966	666045.928834	3537965.911575	3.1684
1598545007.515	118.757	31.966	666045.924502	3537965.594453	3.1684
1598545007.615	118.757	31.966	666045.920532	3537965.276782	3.1684
1598545007.615	118.757	31.966	666045.915182	3537964.953002	3.1684
1598545007.715	118.757	31.966	666045.911173	3537964.636964	3.1686
1598545007.715	118.757	31.966	666045.907823	3537964.321401	3.1688
1598545007.814	118.757	31.966	666045.904087	3537964.000627	3.1692
1598545007.815	118.757	31.966	666045.900220	3537963.686811	3.1696
1598545007.915	118.757	31.966	666045.896035	3537963.369761	3.1700
1598545007.915	118.757	31.966	666045.890516	3537963.045997	3.1702
1598545008.014	118.757	31.966	666045.884818	3537962.729172	3.1703
1598545008.015	118.757	31.966	666045.879902	3537962.414871	3.1705
1598545008.115	118.757	31.966	666045.875851	3537962.094515	3.1710
1598545008.115	118.757	31.966	666045.871002	3537961.781461	3.1714
1598545008.215	118.757	31.966	666045.865259	3537961.466315	3.1717
1598545008.215	118.757	31.966	666045.859310	3537961.145431	3.1719
1598545008.314	118.757	31.966	666045.853995	3537960.829153	3.1723
1598545008.315	118.757	31.966	666045.848502	3537960.515889	3.1728
1598545008.415	118.757	31.966	666045.842277	3537960.198143	3.1732
1598545008.415	118.757	31.966	666045.836094	3537959.885647	3.1735
1598545008.515	118.757	31.965	666045.831024	3537959.576672	3.1738
1598545008.515	118.757	31.965	666045.825724	3537959.259850	3.1742
1598545008.615	118.757	31.965	666045.819120	3537958.950134	3.1746
1598545008.615	118.757	31.965	666045.811827	3537958.643908	3.1750
1598545008.715	118.757	31.965	666045.804825	3537958.331820	3.1753
1598545008.715	118.757	31.965	666045.797813	3537958.026954	3.1755
1598545008.815	118.757	31.965	666045.790718	3537957.723456	3.1756
1598545008.815	118.757	31.965	666045.782680	3537957.414716	3.1758
1598545008.914	118.757	31.965	666045.774516	3537957.110824	3.1758
1598545008.915	118.757	31.965	666045.765922	3537956.807405	3.1759
1598545009.015	118.757	31.965	666045.756751	3537956.503333	3.1758
1598545009.015	118.757	31.965	666045.747646	3537956.204643	3.1758
1598545009.114	118.757	31.965	666045.739557	3537955.910091	3.1757
1598545009.115	118.757	31.965	666045.731209	3537955.610558	3.1757
1598545009.215	118.757	31.965	666045.725026	3537955.317584	3.1757
1598545009.215	118.757	31.965	666045.717792	3537955.028241	3.1759
1598545009.314	118.757	31.965	666045.710365	3537954.734521	3.1759
1598545009.315	118.757	31.965	666045.702703	3537954.448605	3.1759
1598545009.414	118.757	31.965	666045.695403	3537954.165128	3.1757
1598545009.415	118.757	31.965	666045.688713	3537953.878248	3.1755
1598545009.514	118.757	31.965	666045.683044	3537953.597526	3.1755
1598545009.515	118.757	31.965	666045.678566	3537953.318511	3.1755
1598545009.615	118.757	31.965	666045.673100	3537953.037791	3.1754
1598545009.615	118.757	31.965	666045.667780	3537952.763244	3.1752
1598545009.715	118.757	31.965	666045.662824	3537952.486645	3.1749
1598545009.715	118.757	31.965	666045.659154	3537952.218063	3.1747
1598545009.815	118.757	31.965	666045.656137	3537951.948538	3.1745
1598545009.815	118.757	31.965	666045.652487	3537951.676892	3.1744
1598545009.914	118.757	31.965	666045.647536	3537951.412092	3.1742
1598545009.914	118.757	31.965	666045.642111	3537951.149154	3.1739
1598545010.014	118.757	31.965	666045.637332	3537950.882557	3.1737
1598545010.015	118.757	31.965	666045.633444	3537950.622645	3.1736
1598545010.115	118.757	31.965	666045.630158	3537950.362317	3.1737
1598545010.115	118.757	31.965	666045.625305	3537950.101184	3.1735
1598545010.214	118.757	31.965	666045.623591	3537949.842925	3.1732
1598545010.214	118.757	31.965	666045.621576	3537949.589374	3.1730
1598545010.314	118.757	31.965	666045.619854	3537949.333137	3.1728
1598545010.315	118.757	31.965	666045.618311	3537949.083717	3.1727
1598545010.415	118.757	31.965	666045.616081	3537948.836833	3.1725
1598545010.415	118.757	31.965	666045.614953	3537948.586066	3.1722
1598545010.514	118.757	31.965	666045.611810	3537948.345412	3.1717
1598545010.515	118.757	31.965	666045.610515	3537948.107086	3.1713
1598545010.614	118.757	31.965	666045.608791	3537947.867093	3.1710
1598545010.615	118.757	31.965	666045.606426	3537947.633624	3.1706
1598545010.714	118.757	31.965	666045.604702	3537947.404053	3.1702
1598545010.715	118.757	31.965	666045.603123	3537947.172364	3.1698
1598545010.814	118.757	31.965	666045.600997	3537946.946359	3.1693
1598545010.815	118.757	31.965	666045.598791	3537946.724298	3.1689
1598545010.914	118.757	31.965	666045.597213	3537946.500034	3.1685
1598545010.915	118.757	31.965	666045.596296	3537946.282669	3.1682
1598545011.015	118.757	31.965	666045.594956	3537946.067597	3.1679
1598545011.015	118.757	31.965	666045.592275	3537945.851292	3.1675
1598545011.115	118.757	31.965	666045.589807	3537945.639866	3.1673
1598545011.115	118.757	31.965	666045.588433	3537945.428063	3.1671
1598545011.214	118.757	31.965	666045.585663	3537945.219901	3.1669
1598545011.215	118.757	31.965	666045.583762	3537945.013779	3.1667
1598545011.314	118.757	31.965	666045.582554	3537944.809365	3.1665
1598545011.314	118.757	31.965	666045.581915	3537944.602507	3.1664
1598545011.415	118.757	31.965	666045.580374	3537944.400356	3.1664
1598545011.415	118.757	31.965	666045.577889	3537944.200965	3.1663
1598545011.514	118.757	31.965	666045.575152	3537943.999963	3.1661
1598545011.515	118.757	31.965	666045.572917	3537943.805128	3.1659
1598545011.614	118.757	31.965	666045.570778	3537943.612788	3.1657
1598545011.615	118.757	31.965	666045.569373	3537943.419693	3.1657
1598545011.715	118.757	31.965	666045.568322	3537943.232949	3.1656
1598545011.715	118.757	31.965	666045.566594	3537943.045468	3.1655
1598545011.814	118.757	31.965	666045.565057	3537942.866091	3.1653
1598545011.815	118.757	31.965	666045.563609	3537942.689569	3.1652
1598545011.914	118.757	31.965	666045.562385	3537942.514010	3.1650
1598545011.915	118.757	31.965	666045.561021	3537942.344898	3.1648
1598545012.015	118.757	31.965	666045.560322	3537942.179795	3.1646
1598545012.015	118.757	31.965	666045.559371	3537942.016203	3.1645
1598545012.115	118.757	31.965	666045.559178	3537941.859662	3.1643
1598545012.115	118.757	31.965	666045.558235	3537941.705364	3.1641
1598545012.215	118.757	31.965	666045.559053	3537941.553836	3.1640
1598545012.215	118.757	31.965	666045.559386	3537941.408699	3.1639
1598545012.315	118.757	31.965	666045.559261	3537941.266708	3.1639
1598545012.315	118.757	31.965	666045.558401	3537941.125550	3.1639
1598545012.414	118.757	31.965	666045.557513	3537940.992342	3.1637
1598545012.415	118.757	31.965	666045.556606	3537940.864318	3.1635
1598545012.514	118.757	31.965	666045.556222	3537940.737891	3.1633
1598545012.514	118.757	31.965	666045.556130	3537940.618467	3.1633
1598545012.615	118.757	31.965	666045.555357	3537940.502870	3.1633
1598545012.615	118.757	31.965	666045.554266	3537940.390985	3.1632
1598545012.714	118.757	31.965	666045.553614	3537940.287428	3.1632
1598545012.715	118.757	31.965	666045.553442	3537940.189673	3.1631
1598545012.815	118.757	31.965	666045.553216	3537940.095143	3.1631
1598545012.815	118.757	31.965	666045.553307	3537940.007184	3.1631
1598545012.915	118.757	31.965	666045.553390	3537939.923986	3.1631
1598545012.915	118.757	31.965	666045.553774	3537939.844129	3.1630
1598545013.015	118.757	31.965	666045.554987	3537939.770593	3.1629
1598545013.015	118.757	31.965	666045.555664	3537939.701422	3.1628
1598545013.114	118.757	31.965	666045.556054	3537939.634937	3.1627
1598545013.114	118.757	31.965	666045.556452	3537939.566308	3.1626
1598545013.214	118.757	31.965	666045.556713	3537939.517951	3.1626
1598545013.215	118.757	31.965	666045.556096	3537939.463510	3.1626
1598545013.314	118.757	31.965	666045.556121	3537939.411084	3.1625
1598545013.315	118.757	31.965	666045.556507	3537939.361703	3.1623
1598545013.415	118.757	31.965	666045.556729	3537939.313349	3.1622
1598545013.415	118.757	31.965	666045.557146	3537939.267861	3.1621
1598545013.515	118.757	31.965	666045.557064	3537939.222545	3.1621
1598545013.515	118.757	31.965	666045.557606	3537939.173719	3.1620
1598545013.615	118.757	31.965	666045.556766	3537939.130538	3.1619
1598545013.615	118.757	31.965	666045.555510	3537939.088355	3.1619
1598545013.714	118.757	31.965	666045.554305	3537939.046131	3.1618
1598545013.714	118.757	31.965	666045.553032	3537939.006346	3.1618
1598545013.815	118.757	31.965	666045.551959	3537938.965787	3.1618
1598545013.815	118.757	31.965	666045.551338	3537938.923251	3.1618
1598545013.915	118.757	31.965	666045.550661	3537938.880871	3.1617
1598545013.915	118.757	31.965	666045.550187	3537938.840375	3.1616
1598545014.015	118.757	31.965	666045.549503	3537938.799598	3.1614
1598545014.015	118.757	31.965	666045.548546	3537938.756622	3.1613
1598545014.114	118.757	31.965	666045.547564	3537938.712328	3.1613
1598545014.115	118.757	31.965	666045.546857	3537938.672507	3.1613
1598545014.215	118.757	31.965	666045.545991	3537938.624374	3.1612
1598545014.215	118.757	31.965	666045.544983	3537938.580137	3.1611
1598545014.314	118.757	31.965	666045.544197	3537938.537155	3.1611
1598545014.314	118.757	31.965	666045.543347	3537938.494557	3.1610
1598545014.414	118.757	31.965	666045.543068	3537938.450071	3.1609
1598545014.415	118.757	31.965	666045.543033	3537938.405253	3.1609
1598545014.515	118.757	31.965	666045.542507	3537938.360469	3.1608
1598545014.515	118.757	31.965	666045.541675	3537938.314940	3.1607
1598545014.615	118.757	31.965	666045.541186	3537938.270399	3.1607
1598545014.615	118.757	31.965	666045.541888	3537938.221961	3.1606
1598545014.714	118.757	31.965	666045.541146	3537938.178529	3.1606
1598545014.715	118.757	31.965	666045.541003	3537938.132491	3.1606
1598545014.815	118.757	31.965	666045.540940	3537938.086188	3.1605
1598545014.815	118.757	31.965	666045.541548	3537938.039788	3.1605
1598545014.915	118.757	31.965	666045.541840	3537937.995456	3.1605
1598545014.915	118.757	31.965	666045.541581	3537937.951661	3.1604
1598545015.015	118.757	31.965	666045.540802	3537937.908967	3.1602
1598545015.015	118.757	31.965	666045.540672	3537937.866352	3.1601
1598545015.115	118.757	31.965	666045.540787	3537937.824118	3.1601
1598545015.115	118.757	31.965	666045.540614	3537937.787327	3.1601
1598545015.215	118.757	31.965	666045.541361	3537937.743825	3.1601
1598545015.215	118.757	31.965	666045.541642	3537937.707633	3.1600
1598545015.314	118.757	31.965	666045.540753	3537937.673301	3.1600
1598545015.314	118.757	31.965	666045.539624	3537937.641418	3.1599
1598545015.415	118.757	31.965	666045.539272	3537937.611330	3.1599
1598545015.415	118.757	31.965	666045.539266	3537937.582421	3.1599
1598545015.514	118.757	31.965	666045.539418	3537937.555820	3.1599
1598545015.514	118.757	31.965	666045.539269	3537937.530952	3.1598
1598545015.615	118.757	31.965	666045.538903	3537937.507427	3.1597
1598545015.615	118.757	31.965	666045.538677	3537937.486080	3.1597
1598545015.714	118.757	31.965	666045.538765	3537937.465930	3.1596
1598545015.714	118.757	31.965	666045.538843	3537937.447109	3.1596
1598545015.815	118.757	31.965	666045.538929	3537937.429851	3.1597
1598545015.815	118.757	31.965	666045.539013	3537937.413733	3.1597
1598545015.915	118.757	31.965	666045.539141	3537937.399200	3.1597
1598545015.915	118.757	31.965	666045.539373	3537937.386589	3.1596
1598545016.015	118.757	31.965	666045.539773	3537937.374875	3.1596
1598545016.015	118.757	31.965	666045.539839	3537937.365003	3.1596
1598545016.115	118.757	31.965	666045.539463	3537937.357181	3.1596
1598545016.115	118.757	31.965	666045.539398	3537937.352178	3.1596
1598545016.215	118.757	31.965	666045.538830	3537937.346187	3.1596
1598545016.215	118.757	31.965	666045.538625	3537937.343464	3.1596
1598545016.315	118.757	31.965	666045.538535	3537937.342052	3.1595
1598545016.315	118.757	31.965	666045.538273	3537937.341273	3.1595
1598545016.415	118.757	31.965	666045.537803	3537937.342629	3.1594
1598545016.415	118.757	31.965	666045.537207	3537937.346238	3.1594
1598545016.515	118.757	31.965	666045.536630	3537937.351349	3.1595
1598545016.515	118.757	31.965	666045.536170	3537937.358773	3.1595
1598545016.615	118.757	31.965	666045.536019	3537937.365305	3.1595
1598545016.615	118.757	31.965	666045.535400	3537937.370518	3.1594
1598545016.715	118.757	31.965	666045.534678	3537937.374958	3.1595
1598545016.715	118.757	31.965	666045.534030	3537937.379587	3.1595
1598545016.815	118.757	31.965	666045.533539	3537937.382546	3.1595
1598545016.815	118.757	31.965	666045.533237	3537937.384583	3.1595
1598545016.914	118.757	31.965	666045.532499	3537937.385736	3.1595
1598545016.914	118.757	31.965	666045.531907	3537937.385642	3.1595
1598545017.015	118.757	31.965	666045.531359	3537937.384342	3.1595
1598545017.015	118.757	31.965	666045.530792	3537937.382033	3.1595
1598545017.115	118.757	31.965	666045.530641	3537937.379098	3.1595
1598545017.115	118.757	31.965	666045.529610	3537937.379697	3.1595
1598545017.214	118.757	31.965	666045.530947	3537937.370874	3.1595
1598545017.215	118.757	31.965	666045.531280	3537937.366091	3.1595
1598545017.315	118.757	31.965	666045.531211	3537937.361909	3.1595
1598545017.315	118.757	31.965	666045.531000	3537937.357359	3.1595
1598545017.414	118.757	31.965	666045.531367	3537937.352143	3.1594
1598545017.415	118.757	31.965	666045.532076	3537937.346124	3.1594
1598545017.515	118.757	31.965	666045.532260	3537937.339359	3.1594
1598545017.515	118.757	31.965	666045.532187	3537937.332507	3.1594
1598545017.614	118.757	31.965	666045.532063	3537937.324953	3.1593
1598545017.615	118.757	31.965	666045.531919	3537937.316425	3.1593
1598545017.714	118.757	31.965	666045.531819	3537937.306676	3.1593
1598545017.715	118.757	31.965	666045.531682	3537937.296084	3.1592
1598545017.815	118.757	31.965	666045.531728	3537937.284370	3.1592
1598545017.815	118.757	31.965	666045.531906	3537937.271331	3.1592
1598545017.914	118.757	31.965	666045.532057	3537937.257312	3.1591
1598545017.914	118.757	31.965	666045.532262	3537937.241778	3.1591
1598545018.015	118.757	31.965	666045.532419	3537937.225289	3.1590
1598545018.015	118.757	31.965	666045.532756	3537937.208167	3.1589
1598545018.115	118.757	31.965	666045.532941	3537937.189622	3.1588
1598545018.115	118.757	31.965	666045.532322	3537937.173121	3.1587
1598545018.214	118.757	31.965	666045.533239	3537937.149142	3.1586
1598545018.214	118.757	31.965	666045.533882	3537937.127688	3.1585
1598545018.315	118.757	31.965	666045.534546	3537937.105905	3.1584
1598545018.315	118.757	31.965	666045.535202	3537937.082830	3.1583
1598545018.414	118.757	31.965	666045.535521	3537937.059972	3.1581
1598545018.414	118.757	31.965	666045.535725	3537937.037147	3.1579
1598545018.514	118.757	31.965	666045.536202	3537937.013786	3.1578
1598545018.514	118.757	31.965	666045.536926	3537936.990260	3.1578
1598545018.615	118.757	31.965	666045.537093	3537936.966812	3.1577
1598545018.615	118.757	31.965	666045.536900	3537936.942680	3.1576
1598545018.714	118.757	31.965	666045.536949	3537936.918813	3.1575
1598545018.714	118.757	31.965	666045.537111	3537936.895156	3.1574
1598545018.814	118.757	31.965	666045.537540	3537936.871623	3.1573
1598545018.815	118.757	31.965	666045.538046	3537936.849103	3.1573
1598545018.915	118.757	31.965	666045.538581	3537936.827143	3.1572
1598545018.915	118.757	31.965	666045.539028	3537936.804828	3.1571
1598545019.014	118.757	31.965	666045.539470	3537936.782765	3.1570
1598545019.014	118.757	31.965	666045.539923	3537936.760975	3.1568
1598545019.114	118.757	31.965	666045.540170	3537936.740191	3.1568
1598545019.114	118.757	31.965	666045.540272	3537936.721227	3.1568
1598545019.215	118.757	31.965	666045.540777	3537936.702652	3.1569
1598545019.215	118.757	31.965	666045.541300	3537936.687650	3.1568
1598545019.314	118.757	31.965	666045.541882	3537936.675536	3.1568
1598545019.314	118.757	31.965	666045.542562	3537936.664872	3.1568
1598545019.414	118.757	31.965	666045.543294	3537936.656642	3.1568
1598545019.414	118.757	31.965	666045.544137	3537936.650720	3.1569
1598545019.514	118.757	31.965	666045.544765	3537936.645820	3.1569
1598545019.515	118.757	31.965	666045.545122	3537936.639810	3.1568
1598545019.614	118.757	31.965	666045.545717	3537936.634745	3.1567
1598545019.614	118.757	31.965	666045.546878	3537936.634486	3.1567
1598545019.714	118.757	31.965	666045.547461	3537936.638537	3.1568
1598545019.714	118.757	31.965	666045.547756	3537936.632898	3.1568
1598545019.814	118.757	31.965	666045.547460	3537936.640651	3.1568
1598545019.814	118.757	31.965	666045.547038	3537936.648810	3.1568
1598545019.914	118.757	31.965	666045.546755	3537936.654566	3.1567
1598545019.914	118.757	31.965	666045.547247	3537936.660752	3.1567
1598545020.015	118.757	31.965	666045.547117	3537936.665257	3.1568
1598545020.015	118.757	31.965	666045.546492	3537936.669328	3.1568
1598545020.114	118.757	31.965	666045.545970	3537936.670386	3.1568
1598545020.114	118.757	31.965	666045.545531	3537936.670114	3.1567
1598545020.214	118.757	31.965	666045.545664	3537936.667440	3.1567
1598545020.214	118.757	31.965	666045.545763	3537936.664964	3.1568
1598545020.314	118.757	31.965	666045.545636	3537936.662535	3.1568
1598545020.314	118.757	31.965	666045.545277	3537936.667638	3.1568
1598545020.414	118.757	31.965	666045.545414	3537936.662787	3.1568
1598545020.414	118.757	31.965	666045.545486	3537936.655853	3.1567
1598545020.515	118.757	31.965	666045.545511	3537936.650115	3.1566
1598545020.515	118.757	31.965	666045.545521	3537936.645745	3.1567
1598545020.614	118.757	31.965	666045.545226	3537936.644298	3.1567
1598545020.614	118.757	31.965	666045.545054	3537936.644066	3.1567
1598545020.714	118.757	31.965	666045.544632	3537936.644960	3.1566
1598545020.714	118.757	31.965	666045.543969	3537936.645311	3.1566
1598545020.815	118.757	31.965	666045.544372	3537936.647570	3.1566
1598545020.815	118.757	31.965	666045.544560	3537936.648005	3.1566
1598545020.914	118.757	31.965	666045.544370	3537936.648324	3.1566
1598545020.914	118.757	31.965	666045.543938	3537936.648807	3.1566
1598545021.014	118.757	31.965	666045.543680	3537936.649975	3.1565
1598545021.015	118.757	31.965	666045.543641	3537936.650879	3.1565
1598545021.115	118.757	31.965	666045.543853	3537936.651560	3.1565
1598545021.115	118.757	31.965	666045.543243	3537936.652804	3.1565
1598545021.214	118.757	31.965	666045.543934	3537936.652066	3.1565
1598545021.214	118.757	31.965	666045.543984	3537936.652121	3.1565
1598545021.314	118.757	31.965	666045.543741	3537936.652358	3.1565
1598545021.314	118.757	31.965	666045.543468	3537936.652733	3.1565
1598545021.414	118.757	31.965	666045.543345	3537936.653065	3.1564
1598545021.414	118.757	31.965	666045.543127	3537936.653020	3.1564
1598545021.514	118.757	31.965	666045.543212	3537936.652861	3.1564
1598545021.514	118.757	31.965	666045.543321	3537936.652670	3.1564
1598545021.614	118.757	31.965	666045.543195	3537936.652658	3.1563
1598545021.614	118.757	31.965	666045.543236	3537936.652567	3.1563
1598545021.714	118.757	31.965	666045.543156	3537936.652383	3.1563
1598545021.715	118.757	31.965	666045.542707	3537936.652963	3.1563
1598545021.814	118.757	31.965	666045.542058	3537936.652513	3.1563
1598545021.814	118.757	31.965	666045.541645	3537936.651714	3.1564
1598545021.914	118.757	31.965	666045.541718	3537936.650471	3.1563
1598545021.914	118.757	31.965	666045.541856	3537936.649110	3.1563
1598545022.015	118.757	31.965	666045.541954	3537936.647560	3.1563
1598545022.015	118.757	31.965	666045.541901	3537936.644709	3.1563
1598545022.114	118.757	31.965	666045.541934	3537936.640701	3.1562
1598545022.115	118.757	31.965	666045.541312	3537936.635877	3.1562
1598545022.214	118.757	31.965	666045.541374	3537936.630874	3.1562
1598545022.214	118.757	31.965	666045.541987	3537936.624862	3.1561
1598545022.314	118.757	31.965	666045.542380	3537936.617426	3.1561
1598545022.314	118.757	31.965	666045.542627	3537936.608650	3.1560
1598545022.415	118.757	31.965	666045.542900	3537936.598941	3.1560
1598545022.415	118.757	31.965	666045.543281	3537936.588486	3.1560
1598545022.514	118.757	31.965	666045.543602	3537936.576935	3.1559
1598545022.514	118.757	31.965	666045.543880	3537936.563979	3.1558
1598545022.614	118.757	31.965	666045.544115	3537936.547010	3.1557
1598545022.614	118.757	31.965	666045.543777	3537936.535666	3.1557
1598545022.715	118.757	31.965	666045.543311	3537936.521375	3.1556
1598545022.715	118.757	31.965	666045.542850	3537936.506203	3.1556
1598545022.814	118.757	31.965	666045.542840	3537936.491292	3.1555
1598545022.814	118.757	31.965	666045.542553	3537936.476515	3.1555
1598545022.914	118.757	31.965	666045.542406	3537936.463143	3.1555
1598545022.914	118.757	31.965	666045.542479	3537936.450271	3.1555
1598545023.014	118.757	31.965	666045.542495	3537936.439007	3.1555
1598545023.015	118.757	31.965	666045.542422	3537936.430086	3.1555
1598545023.114	118.757	31.965	666045.542964	3537936.423823	3.1554
1598545023.114	118.757	31.965	666045.542827	3537936.421983	3.1555
1598545023.214	118.757	31.965	666045.543687	3537936.413246	3.1554
1598545023.214	118.757	31.965	666045.543925	3537936.408952	3.1553
1598545023.314	118.757	31.965	666045.544493	3537936.407045	3.1553
1598545023.315	118.757	31.965	666045.545098	3537936.407642	3.1554
1598545023.414	118.757	31.965	666045.545305	3537936.410976	3.1554
1598545023.414	118.757	31.965	666045.545344	3537936.415517	3.1554
1598545023.514	118.757	31.965	666045.545246	3537936.419868	3.1554
1598545023.514	118.757	31.965	666045.545013	3537936.419660	3.1553
1598545023.614	118.757	31.965	666045.545117	3537936.423632	3.1553
1598545023.614	118.757	31.965	666045.544998	3537936.427668	3.1553
1598545023.714	118.757	31.965	666045.544651	3537936.431771	3.1553
1598545023.714	118.757	31.965	666045.544081	3537936.435449	3.1553
1598545023.814	118.757	31.965	666045.544001	3537936.438859	3.1552
1598545023.814	118.757	31.965	666045.543814	3537936.441733	3.1552
1598545023.914	118.757	31.965	666045.543616	3537936.443773	3.1553
1598545023.914	118.757	31.965	666045.543433	3537936.445170	3.1553
1598545024.014	118.757	31.965	666045.543187	3537936.446177	3.1553
1598545024.014	118.757	31.965	666045.543019	3537936.447232	3.1553
1598545024.114	118.757	31.965	666045.542478	3537936.448688	3.1553
1598545024.114	118.757	31.965	666045.542009	3537936.450399	3.1553
1598545024.214	118.757	31.965	666045.541059	3537936.450993	3.1553
1598545024.214	118.757	31.965	666045.540446	3537936.451281	3.1553
1598545024.314	118.757	31.965	666045.539926	3537936.451593	3.1553
1598545024.315	118.757	31.965	666045.539232	3537936.452950	3.1553
1598545024.414	118.757	31.965	666045.538947	3537936.453218	3.1553
1598545024.414	118.757	31.965	666045.539217	3537936.453671	3.1553
1598545024.514	118.757	31.965	666045.539520	3537936.454891	3.1553
1598545024.514	118.757	31.965	666045.539833	3537936.456160	3.1553
1598545024.615	118.757	31.965	666045.540478	3537936.454896	3.1552
1598545024.615	118.757	31.965	666045.539949	3537936.456170	3.1553
1598545024.714	118.757	31.965	666045.540046	3537936.456076	3.1553
1598545024.714	118.757	31.965	666045.540159	3537936.455756	3.1552
1598545024.814	118.757	31.965	666045.540135	3537936.455883	3.1552
1598545024.814	118.757	31.965	666045.540362	3537936.456261	3.1552
1598545024.915	118.757	31.965	666045.540870	3537936.456140	3.1552
1598545024.915	118.757	31.965	666045.541172	3537936.455667	3.1552
1598545025.014	118.757	31.965	666045.541492	3537936.455247	3.1552
1598545025.014	118.757	31.965	666045.541777	3537936.454917	3.1552
1598545025.114	118.757	31.965	666045.542004	3537936.454721	3.1552
1598545025.114	118.757	31.965	666045.541783	3537936.455332	3.1552
1598545025.215	118.757	31.965	666045.542067	3537936.455177	3.1552
1598545025.215	118.757	31.965	666045.542134	3537936.455292	3.1552
1598545025.314	118.757	31.965	666045.542092	3537936.455259	3.1552
1598545025.314	118.757	31.965	666045.542138	3537936.455089	3.1552
1598545025.414	118.757	31.965	666045.542326	3537936.455099	3.1552
1598545025.414	118.757	31.965	666045.542269	3537936.455221	3.1551
1598545025.514	118.757	31.965	666045.542059	3537936.454838	3.1551
1598545025.514	118.757	31.965	666045.541895	3537936.454427	3.1551
