1598544119.370	118.757	31.964	666051.656576	3537843.129549	0.0627
1598544119.470	118.757	31.964	666051.671418	3537843.433463	0.0624
1598544119.570	118.757	31.964	666051.683365	3537843.739075	0.0622
1598544119.670	118.757	31.964	666051.694701	3537844.043410	0.0619
1598544119.769	118.757	31.964	666051.700704	3537844.193707	0.0617
1598544119.770	118.757	31.964	666051.706131	3537844.344735	0.0616
1598544119.869	118.757	31.964	666051.711626	3537844.498637	0.0615
1598544119.870	118.757	31.964	666051.717727	3537844.648743	0.0615
1598544119.969	118.757	31.964	666051.724352	3537844.801179	0.0614
1598544119.970	118.757	31.964	666051.730094	3537844.950553	0.0614
1598544120.070	118.757	31.964	666051.735850	3537845.099906	0.0614
1598544120.070	118.757	31.964	666051.742225	3537845.251637	0.0614
1598544120.169	118.757	31.964	666051.748256	3537845.400866	0.0614
1598544120.169	118.757	31.964	666051.757405	3537845.547955	0.0612
1598544120.270	118.757	31.964	666051.766138	3537845.699063	0.0610
1598544120.270	118.757	31.964	666051.774240	3537845.846629	0.0610
1598544120.370	118.757	31.964	666051.782306	3537845.994037	0.0609
1598544120.370	118.757	31.964	666051.790882	3537846.144513	0.0610
1598544120.469	118.757	31.964	666051.798803	3537846.292042	0.0611
1598544120.470	118.757	31.964	666051.807246	3537846.439029	0.0613
1598544120.569	118.757	31.964	666051.816682	3537846.588228	0.0616
1598544120.570	118.757	31.964	666051.824902	3537846.734923	0.0619
1598544120.670	118.757	31.964	666051.832458	3537846.881748	0.0621
1598544120.670	118.757	31.964	666051.839185	3537847.031906	0.0623
1598544120.770	118.757	31.964	666051.845027	3537847.179204	0.0624
1598544120.770	118.757	31.964	666051.849984	3537847.326531	0.0625
1598544120.869	118.757	31.964	666051.855238	3537847.476683	0.0628
1598544120.870	118.757	31.964	666051.860988	3537847.623289	0.0632
1598544120.970	118.757	31.964	666051.866621	3537847.769998	0.0635
1598544120.970	118.757	31.964	666051.873076	3537847.918507	0.0636
1598544121.070	118.757	31.964	666051.879028	3537848.063753	0.0637
1598544121.070	118.757	31.964	666051.885652	3537848.209696	0.0638
1598544121.169	118.757	31.964	666051.892379	3537848.357998	0.0641
1598544121.170	118.757	31.964	666051.901159	3537848.503047	0.0643
1598544121.269	118.757	31.964	666051.909013	3537848.650356	0.0645
1598544121.270	118.757	31.964	666051.914599	3537848.795513	0.0647
1598544121.370	118.757	31.964	666051.921326	3537848.940130	0.0650
1598544121.370	118.757	31.965	666051.928154	3537849.088214	0.0653
1598544121.469	118.757	31.965	666051.936377	3537849.233005	0.0656
1598544121.470	118.757	31.965	666051.945027	3537849.377939	0.0657
1598544121.569	118.757	31.965	666051.953586	3537849.525270	0.0659
1598544121.570	118.757	31.965	666051.960237	3537849.669681	0.0660
1598544121.670	118.757	31.965	666051.965437	3537849.813567	0.0662
1598544121.670	118.757	31.965	666051.971441	3537849.960597	0.0662
1598544121.769	118.757	31.965	666051.977906	3537850.104307	0.0660
1598544121.769	118.757	31.965	666051.983523	3537850.248759	0.0657
1598544121.869	118.757	31.965	666051.989561	3537850.395145	0.0652
1598544121.870	118.757	31.965	666051.995167	3537850.537644	0.0649
1598544121.969	118.757	31.965	666052.000585	3537850.680008	0.0647
1598544121.970	118.757	31.965	666052.006831	3537850.825074	0.0647
1598544122.069	118.757	31.965	666052.013078	3537850.966305	0.0647
1598544122.069	118.757	31.965	666052.020486	3537851.106874	0.0646
1598544122.169	118.757	31.965	666052.027243	3537851.251348	0.0645
1598544122.170	118.757	31.965	666052.035153	3537851.391028	0.0644
1598544122.269	118.757	31.965	666052.041950	3537851.531779	0.0645
1598544122.270	118.757	31.965	666052.048953	3537851.675551	0.0645
1598544122.370	118.757	31.965	666052.056108	3537851.816041	0.0644
1598544122.370	118.757	31.965	666052.063202	3537851.955119	0.0643
1598544122.470	118.757	31.965	666052.070745	3537852.096405	0.0642
1598544122.470	118.757	31.965	666052.077102	3537852.235248	0.0643
1598544122.570	118.757	31.965	666052.082915	3537852.377098	0.0645
1598544122.570	118.757	31.965	666052.089407	3537852.515130	0.0645
1598544122.670	118.757	31.965	666052.095418	3537852.653266	0.0644
1598544122.670	118.757	31.965	666052.102514	3537852.793935	0.0643
1598544122.769	118.757	31.965	666052.109147	3537852.931085	0.0643
1598544122.770	118.757	31.965	666052.114627	3537853.067857	0.0644
1598544122.869	118.757	31.965	666052.119830	3537853.207655	0.0645
1598544122.870	118.757	31.965	666052.125352	3537853.344640	0.0645
1598544122.970	118.757	31.965	666052.130829	3537853.481214	0.0643
1598544122.970	118.757	31.965	666052.136040	3537853.620096	0.0643
1598544123.069	118.757	31.965	666052.141429	3537853.755319	0.0643
1598544123.070	118.757	31.965	666052.147797	3537853.891494	0.0643
1598544123.169	118.757	31.965	666052.153420	3537854.030196	0.0643
1598544123.170	118.757	31.965	666052.160357	3537854.165142	0.0642
1598544123.270	118.757	31.965	666052.166848	3537854.299581	0.0641
1598544123.270	118.757	31.965	666052.173575	3537854.436118	0.0639
1598544123.369	118.757	31.965	666052.180437	3537854.569191	0.0639
1598544123.370	118.757	31.965	666052.186179	3537854.701514	0.0639
1598544123.470	118.757	31.965	666052.192236	3537854.836786	0.0638
1598544123.470	118.757	31.965	666052.198326	3537854.970123	0.0637
1598544123.570	118.757	31.965	666052.204218	3537855.103566	0.0636
1598544123.570	118.757	31.965	666052.210882	3537855.239866	0.0635
1598544123.670	118.757	31.965	666052.217111	3537855.373169	0.0633
1598544123.670	118.757	31.965	666052.223093	3537855.506792	0.0631
1598544123.770	118.757	31.965	666052.228425	3537855.643767	0.0630
1598544123.770	118.757	31.965	666052.232460	3537855.779043	0.0628
1598544123.869	118.757	31.965	666052.238203	3537855.917560	0.0625
1598544123.870	118.757	31.965	666052.244193	3537856.053618	0.0622
1598544123.970	118.757	31.965	666052.250363	3537856.190528	0.0619
1598544123.970	118.757	31.965	666052.257059	3537856.330169	0.0616
1598544124.069	118.757	31.965	666052.263151	3537856.467778	0.0613
1598544124.070	118.757	31.965	666052.269776	3537856.605558	0.0610
1598544124.169	118.757	31.965	666052.275415	3537856.746627	0.0608
1598544124.170	118.757	31.965	666052.283571	3537856.885650	0.0603
1598544124.270	118.757	31.965	666052.290977	3537857.025842	0.0599
1598544124.270	118.757	31.965	666052.298099	3537857.169581	0.0595
1598544124.369	118.757	31.965	666052.305721	3537857.311052	0.0590
1598544124.370	118.757	31.965	666052.312796	3537857.452168	0.0585
1598544124.470	118.757	31.965	666052.319132	3537857.596678	0.0580
1598544124.470	118.757	31.965	666052.325518	3537857.739361	0.0576
1598544124.570	118.757	31.965	666052.331464	3537857.883222	0.0574
1598544124.570	118.757	31.965	666052.337095	3537858.029817	0.0571
1598544124.670	118.757	31.965	666052.343712	3537858.174440	0.0568
1598544124.670	118.757	31.965	666052.350500	3537858.319865	0.0565
1598544124.770	118.757	31.965	666052.357112	3537858.468603	0.0564
1598544124.770	118.757	31.965	666052.364310	3537858.614159	0.0561
1598544124.870	118.757	31.965	666052.370942	3537858.760402	0.0558
1598544124.870	118.757	31.965	666052.377348	3537858.910298	0.0555
1598544124.970	118.757	31.965	666052.383379	3537859.057654	0.0552
1598544124.970	118.757	31.965	666052.389405	3537859.204910	0.0550
1598544125.070	118.757	31.965	666052.396598	3537859.356068	0.0546
1598544125.070	118.757	31.965	666052.403791	3537859.504921	0.0545
1598544125.170	118.757	31.965	666052.410057	3537859.657411	0.0545
1598544125.170	118.757	31.965	666052.418397	3537859.807860	0.0543
1598544125.270	118.757	31.965	666052.426014	3537859.958736	0.0542
1598544125.270	118.757	31.965	666052.433350	3537860.113269	0.0542
1598544125.370	118.757	31.965	666052.440919	3537860.265323	0.0542
1598544125.370	118.757	31.965	666052.448477	3537860.417327	0.0543
1598544125.470	118.757	31.965	666052.455569	3537860.572683	0.0544
1598544125.470	118.757	31.965	666052.462871	3537860.726669	0.0545
1598544125.570	118.757	31.965	666052.469701	3537860.881414	0.0546
1598544125.570	118.757	31.965	666052.477585	3537861.039889	0.0546
1598544125.669	118.757	31.965	666052.486288	3537861.195279	0.0546
1598544125.670	118.757	31.965	666052.494845	3537861.351658	0.0546
1598544125.770	118.757	31.965	666052.502849	3537861.512289	0.0546
1598544125.770	118.757	31.965	666052.509067	3537861.670495	0.0547
1598544125.870	118.757	31.965	666052.513939	3537861.828706	0.0547
1598544125.870	118.757	31.965	666052.518686	3537861.990173	0.0548
1598544125.970	118.757	31.965	666052.524566	3537862.148338	0.0547
1598544125.970	118.757	31.965	666052.530287	3537862.307069	0.0544
1598544126.070	118.757	31.965	666052.536356	3537862.470679	0.0539
1598544126.070	118.757	31.965	666052.541233	3537862.632662	0.0537
1598544126.170	118.757	31.965	666052.554099	3537862.791296	0.0537
1598544126.170	118.757	31.965	666052.544169	3537862.964955	0.0536
1598544126.270	118.757	31.965	666052.546505	3537863.129849	0.0535
1598544126.270	118.757	31.965	666052.554833	3537863.291154	0.0531
1598544126.370	118.757	31.965	666052.566698	3537863.455561	0.0527
1598544126.370	118.757	31.965	666052.578038	3537863.616363	0.0527
1598544126.470	118.757	31.965	666052.588674	3537863.777443	0.0532
1598544126.470	118.757	31.965	666052.599302	3537863.941663	0.0536
1598544126.570	118.757	31.965	666052.612322	3537864.101801	0.0536
1598544126.570	118.757	31.965	666052.623166	3537864.266305	0.0534
1598544126.670	118.757	31.965	666052.630275	3537864.428998	0.0537
1598544126.670	118.757	31.965	666052.634838	3537864.592093	0.0548
1598544126.770	118.757	31.965	666052.637091	3537864.759114	0.0559
1598544126.770	118.757	31.965	666052.642524	3537864.923000	0.0564
1598544126.870	118.757	31.965	666052.650898	3537865.084647	0.0559
1598544126.870	118.757	31.965	666052.660129	3537865.247564	0.0545
1598544126.970	118.757	31.965	666052.667913	3537865.407724	0.0530
1598544126.970	118.757	31.965	666052.671102	3537865.568026	0.0523
1598544127.070	118.757	31.965	666052.671467	3537865.732376	0.0527
1598544127.070	118.757	31.965	666052.673852	3537865.895007	0.0535
1598544127.170	118.757	31.965	666052.677798	3537866.056722	0.0539
1598544127.170	118.757	31.965	666052.687297	3537866.225477	0.0537
1598544127.270	118.757	31.965	666052.696690	3537866.390936	0.0530
1598544127.270	118.757	31.965	666052.704478	3537866.555720	0.0526
1598544127.370	118.757	31.965	666052.712655	3537866.724440	0.0528
1598544127.370	118.757	31.965	666052.719486	3537866.888495	0.0532
1598544127.470	118.757	31.965	666052.725815	3537867.051026	0.0535
1598544127.470	118.757	31.965	666052.732976	3537867.216723	0.0533
1598544127.570	118.757	31.965	666052.738203	3537867.378994	0.0531
1598544127.570	118.757	31.965	666052.743670	3537867.541105	0.0530
1598544127.670	118.757	31.965	666052.750347	3537867.706320	0.0532
1598544127.670	118.757	31.965	666052.758033	3537867.869156	0.0535
1598544127.770	118.757	31.965	666052.767077	3537868.031073	0.0539
1598544127.770	118.757	31.965	666052.775747	3537868.195469	0.0542
1598544127.870	118.757	31.965	666052.783253	3537868.356486	0.0543
1598544127.870	118.757	31.965	666052.790241	3537868.519343	0.0546
1598544127.970	118.757	31.965	666052.797411	3537868.678545	0.0550
1598544127.970	118.757	31.965	666052.804437	3537868.837776	0.0553
1598544128.070	118.757	31.965	666052.810872	3537868.999564	0.0555
1598544128.070	118.757	31.965	666052.815878	3537869.158560	0.0556
1598544128.170	118.757	31.965	666052.824269	3537869.317593	0.0557
1598544128.170	118.757	31.965	666052.823824	3537869.477919	0.0559
1598544128.270	118.757	31.965	666052.827275	3537869.635753	0.0560
1598544128.270	118.757	31.965	666052.833704	3537869.792871	0.0562
1598544128.370	118.757	31.965	666052.840875	3537869.952842	0.0565
1598544128.370	118.757	31.965	666052.848593	3537870.108882	0.0567
1598544128.470	118.757	31.965	666052.856346	3537870.264475	0.0570
1598544128.470	118.757	31.965	666052.864934	3537870.422633	0.0574
1598544128.570	118.757	31.965	666052.875303	3537870.576861	0.0577
1598544128.570	118.757	31.965	666052.884622	3537870.731379	0.0579
1598544128.670	118.757	31.965	666052.894147	3537870.887555	0.0580
1598544128.670	118.757	31.965	666052.901350	3537871.041164	0.0582
1598544128.770	118.757	31.965	666052.908525	3537871.193869	0.0582
1598544128.770	118.757	31.965	666052.915566	3537871.348700	0.0579
1598544128.870	118.757	31.965	666052.923106	3537871.499894	0.0575
1598544128.870	118.757	31.965	666052.930841	3537871.651060	0.0570
1598544128.970	118.757	31.965	666052.936654	3537871.805051	0.0567
1598544128.970	118.757	31.965	666052.941211	3537871.954966	0.0567
1598544129.070	118.757	31.965	666052.947350	3537872.103867	0.0566
1598544129.070	118.757	31.965	666052.953947	3537872.256143	0.0563
1598544129.170	118.757	31.965	666052.960929	3537872.405665	0.0559
1598544129.170	118.757	31.965	666052.965137	3537872.556124	0.0558
1598544129.270	118.757	31.965	666052.968586	3537872.703842	0.0557
1598544129.270	118.757	31.965	666052.973557	3537872.852001	0.0556
1598544129.370	118.757	31.965	666052.979991	3537873.002744	0.0554
1598544129.370	118.757	31.965	666052.985948	3537873.150338	0.0551
1598544129.470	118.757	31.965	666052.991629	3537873.297693	0.0549
1598544129.470	118.757	31.965	666052.997349	3537873.447715	0.0548
1598544129.570	118.757	31.965	666053.003312	3537873.594286	0.0547
1598544129.570	118.757	31.965	666053.009563	3537873.741111	0.0545
1598544129.670	118.757	31.965	666053.015973	3537873.890190	0.0544
1598544129.670	118.757	31.965	666053.021121	3537874.035164	0.0544
1598544129.770	118.757	31.965	666053.026742	3537874.179196	0.0543
1598544129.770	118.757	31.965	666053.032390	3537874.326418	0.0541
1598544129.870	118.757	31.965	666053.038493	3537874.471126	0.0540
1598544129.870	118.757	31.965	666053.044738	3537874.615610	0.0539
1598544129.970	118.757	31.965	666053.050747	3537874.762659	0.0538
1598544129.970	118.757	31.965	666053.055817	3537874.906584	0.0537
1598544130.070	118.757	31.965	666053.061625	3537875.051929	0.0536
1598544130.070	118.757	31.965	666053.067975	3537875.199725	0.0533
1598544130.170	118.757	31.965	666053.073495	3537875.344806	0.0530
1598544130.170	118.757	31.965	666053.080151	3537875.489222	0.0529
1598544130.270	118.757	31.965	666053.086533	3537875.635802	0.0530
1598544130.270	118.757	31.965	666053.094365	3537875.779672	0.0532
1598544130.370	118.757	31.965	666053.102979	3537875.923935	0.0532
1598544130.370	118.757	31.965	666053.111283	3537876.071614	0.0530
1598544130.470	118.757	31.965	666053.118823	3537876.216643	0.0529
1598544130.470	118.757	31.965	666053.126572	3537876.364753	0.0530
1598544130.570	118.757	31.965	666053.134348	3537876.509318	0.0534
1598544130.570	118.757	31.965	666053.143473	3537876.655571	0.0538
1598544130.670	118.757	31.965	666053.152806	3537876.804054	0.0538
1598544130.670	118.757	31.965	666053.161601	3537876.949864	0.0537
1598544130.770	118.757	31.965	666053.171588	3537877.096107	0.0535
1598544130.770	118.757	31.965	666053.182703	3537877.247242	0.0532
1598544130.870	118.757	31.965	666053.192235	3537877.394595	0.0531
1598544130.870	118.757	31.965	666053.198331	3537877.541968	0.0533
1598544130.970	118.757	31.965	666053.201801	3537877.692236	0.0537
1598544130.970	118.757	31.965	666053.204443	3537877.840125	0.0539
1598544131.070	118.757	31.965	666053.208533	3537877.988181	0.0537
1598544131.070	118.757	31.965	666053.213717	3537878.138924	0.0533
1598544131.170	118.757	31.965	666053.219622	3537878.286084	0.0530
1598544131.170	118.757	31.965	666053.221180	3537878.434670	0.0529
1598544131.270	118.757	31.965	666053.226107	3537878.585763	0.0527
1598544131.270	118.757	31.965	666053.231731	3537878.734300	0.0524
1598544131.370	118.757	31.965	666053.238136	3537878.882519	0.0520
1598544131.370	118.757	31.965	666053.243777	3537879.034609	0.0514
1598544131.470	118.757	31.965	666053.250935	3537879.183383	0.0508
1598544131.470	118.757	31.965	666053.259493	3537879.331666	0.0502
1598544131.570	118.757	31.965	666053.265834	3537879.482709	0.0501
1598544131.570	118.757	31.965	666053.270376	3537879.630052	0.0507
1598544131.670	118.757	31.965	666053.276197	3537879.776179	0.0514
1598544131.670	118.757	31.965	666053.285500	3537879.924207	0.0517
1598544131.770	118.757	31.965	666053.298262	3537880.068352	0.0511
1598544131.770	118.757	31.965	666053.311521	3537880.215545	0.0501
1598544131.870	118.757	31.965	666053.319970	3537880.359394	0.0494
1598544131.870	118.757	31.965	666053.325142	3537880.503385	0.0494
1598544131.970	118.757	31.965	666053.329081	3537880.649369	0.0498
1598544131.970	118.757	31.965	666053.332831	3537880.792506	0.0501
1598544132.070	118.757	31.965	666053.336634	3537880.934760	0.0502
1598544132.070	118.757	31.965	666053.340289	3537881.080475	0.0501
1598544132.170	118.757	31.965	666053.345355	3537881.223070	0.0501
1598544132.170	118.757	31.965	666053.343236	3537881.364800	0.0500
1598544132.270	118.757	31.965	666053.345735	3537881.507857	0.0501
1598544132.270	118.757	31.965	666053.348207	3537881.647699	0.0500
1598544132.370	118.757	31.965	666053.351493	3537881.788676	0.0501
1598544132.370	118.757	31.965	666053.356545	3537881.930249	0.0501
1598544132.470	118.757	31.965	666053.361289	3537882.068722	0.0501
1598544132.470	118.757	31.965	666053.367894	3537882.206623	0.0501
1598544132.570	118.757	31.965	666053.375057	3537882.346589	0.0503
1598544132.570	118.757	31.965	666053.382701	3537882.484258	0.0504
1598544132.670	118.757	31.965	666053.390766	3537882.621546	0.0505
1598544132.670	118.757	31.965	666053.398481	3537882.760877	0.0507
1598544132.770	118.757	31.965	666053.405329	3537882.897427	0.0510
1598544132.770	118.757	31.965	666053.412279	3537883.032997	0.0514
1598544132.870	118.757	31.965	666053.419159	3537883.171008	0.0518
1598544132.870	118.757	31.965	666053.426424	3537883.304787	0.0520
1598544132.970	118.757	31.965	666053.433466	3537883.438565	0.0522
1598544132.970	118.757	31.965	666053.440678	3537883.574006	0.0524
1598544133.070	118.757	31.965	666053.447278	3537883.707152	0.0525
1598544133.070	118.757	31.965	666053.453716	3537883.841653	0.0528
1598544133.170	118.757	31.965	666053.459553	3537883.972965	0.0530
1598544133.170	118.757	31.965	666053.466510	3537884.102499	0.0532
1598544133.270	118.757	31.965	666053.473458	3537884.234451	0.0534
1598544133.270	118.757	31.965	666053.478959	3537884.363401	0.0535
1598544133.370	118.757	31.965	666053.483994	3537884.491883	0.0537
1598544133.370	118.757	31.965	666053.489179	3537884.622090	0.0539
1598544133.470	118.757	31.965	666053.494709	3537884.748383	0.0540
1598544133.470	118.757	31.965	666053.500310	3537884.873621	0.0540
1598544133.570	118.757	31.965	666053.506099	3537885.000708	0.0540
1598544133.570	118.757	31.965	666053.511765	3537885.124573	0.0539
1598544133.670	118.757	31.965	666053.517877	3537885.246587	0.0538
1598544133.670	118.757	31.965	666053.524434	3537885.369934	0.0536
1598544133.770	118.757	31.965	666053.530883	3537885.489535	0.0534
1598544133.770	118.757	31.965	666053.536449	3537885.608558	0.0529
1598544133.870	118.757	31.965	666053.541897	3537885.727736	0.0525
1598544133.870	118.757	31.965	666053.547368	3537885.842939	0.0521
1598544133.970	118.757	31.965	666053.552241	3537885.956963	0.0519
1598544133.970	118.757	31.965	666053.556821	3537886.071911	0.0515
1598544134.070	118.757	31.965	666053.561676	3537886.183899	0.0511
1598544134.070	118.757	31.965	666053.565704	3537886.295147	0.0508
1598544134.170	118.757	31.965	666053.570325	3537886.408183	0.0506
1598544134.170	118.757	31.965	666053.572429	3537886.517515	0.0506
1598544134.270	118.757	31.965	666053.575863	3537886.626044	0.0506
1598544134.270	118.757	31.965	666053.579528	3537886.735509	0.0505
1598544134.370	118.757	31.965	666053.582877	3537886.841570	0.0503
1598544134.370	118.757	31.965	666053.586497	3537886.948233	0.0500
1598544134.470	118.757	31.965	666053.591129	3537887.052358	0.0497
1598544134.470	118.757	31.965	666053.595186	3537887.156190	0.0495
1598544134.570	118.757	31.965	666053.599498	3537887.261140	0.0494
1598544134.570	118.757	31.965	666053.603409	3537887.363650	0.0493
1598544134.670	118.757	31.965	666053.608059	3537887.466091	0.0493
1598544134.670	118.757	31.965	666053.612066	3537887.569908	0.0492
1598544134.770	118.757	31.965	666053.616044	3537887.671008	0.0491
1598544134.770	118.757	31.965	666053.619633	3537887.771771	0.0490
1598544134.870	118.757	31.965	666053.622755	3537887.874430	0.0489
1598544134.870	118.757	31.965	666053.627069	3537887.975246	0.0488
1598544134.970	118.757	31.965	666053.631075	3537888.075913	0.0487
1598544134.970	118.757	31.965	666053.635689	3537888.178810	0.0486
1598544135.070	118.757	31.965	666053.641041	3537888.279730	0.0485
1598544135.070	118.757	31.965	666053.645457	3537888.380258	0.0483
1598544135.170	118.757	31.965	666053.649421	3537888.482321	0.0483
1598544135.170	118.757	31.965	666053.652311	3537888.582137	0.0483
1598544135.270	118.757	31.965	666053.655855	3537888.682883	0.0483
1598544135.270	118.757	31.965	666053.659514	3537888.785572	0.0483
1598544135.370	118.757	31.965	666053.663688	3537888.885571	0.0480
1598544135.370	118.757	31.965	666053.667804	3537888.985661	0.0478
1598544135.470	118.757	31.965	666053.671705	3537889.087333	0.0476
1598544135.470	118.757	31.965	666053.676565	3537889.186061	0.0474
1598544135.570	118.757	31.965	666053.681445	3537889.284463	0.0473
1598544135.570	118.757	31.965	666053.686301	3537889.385449	0.0470
1598544135.670	118.757	31.965	666053.691322	3537889.484126	0.0467
1598544135.670	118.757	31.965	666053.695919	3537889.581103	0.0462
1598544135.770	118.757	31.965	666053.700198	3537889.679630	0.0456
1598544135.770	118.757	31.965	666053.704247	3537889.776698	0.0450
1598544135.870	118.757	31.965	666053.707815	3537889.875837	0.0445
1598544135.870	118.757	31.965	666053.710902	3537889.972793	0.0440
1598544135.970	118.757	31.965	666053.713108	3537890.069262	0.0436
1598544135.970	118.757	31.965	666053.714951	3537890.167096	0.0432
1598544136.070	118.757	31.965	666053.716417	3537890.263036	0.0429
1598544136.070	118.757	31.965	666053.718297	3537890.358717	0.0426
1598544136.170	118.757	31.965	666053.721201	3537890.456224	0.0422
1598544136.170	118.757	31.965	666053.721998	3537890.551864	0.0418
1598544136.270	118.757	31.965	666053.722564	3537890.646609	0.0415
1598544136.270	118.757	31.965	666053.723525	3537890.742420	0.0415
1598544136.370	118.757	31.965	666053.724927	3537890.836292	0.0418
1598544136.370	118.757	31.965	666053.727155	3537890.930025	0.0420
1598544136.470	118.757	31.965	666053.730327	3537891.024847	0.0421
1598544136.470	118.757	31.965	666053.734346	3537891.117548	0.0420
1598544136.570	118.757	31.965	666053.737004	3537891.211010	0.0420
1598544136.570	118.757	31.965	666053.740807	3537891.305655	0.0421
1598544136.670	118.757	31.965	666053.745621	3537891.397826	0.0422
1598544136.670	118.757	31.965	666053.750110	3537891.489110	0.0424
1598544136.770	118.757	31.965	666053.754390	3537891.582078	0.0425
1598544136.770	118.757	31.965	666053.759222	3537891.673119	0.0426
1598544136.870	118.757	31.965	666053.764262	3537891.764283	0.0425
1598544136.870	118.757	31.965	666053.769869	3537891.856177	0.0425
1598544136.970	118.757	31.965	666053.775069	3537891.945533	0.0425
1598544136.970	118.757	31.965	666053.779460	3537892.036505	0.0426
1598544137.070	118.757	31.965	666053.783005	3537892.128551	0.0426
1598544137.070	118.757	31.965	666053.786160	3537892.218254	0.0427
1598544137.170	118.757	31.965	666053.790114	3537892.310342	0.0428
1598544137.170	118.757	31.965	666053.793278	3537892.400142	0.0429
1598544137.270	118.757	31.965	666053.796320	3537892.489588	0.0430
1598544137.270	118.757	31.965	666053.799592	3537892.581766	0.0431
1598544137.370	118.757	31.965	666053.802961	3537892.672254	0.0431
1598544137.370	118.757	31.965	666053.805740	3537892.762519	0.0432
1598544137.470	118.757	31.965	666053.807958	3537892.854083	0.0433
1598544137.470	118.757	31.965	666053.809925	3537892.942875	0.0434
1598544137.570	118.757	31.965	666053.811647	3537893.031618	0.0434
1598544137.570	118.757	31.965	666053.813987	3537893.122666	0.0434
1598544137.670	118.757	31.965	666053.816506	3537893.211753	0.0434
1598544137.670	118.757	31.965	666053.818748	3537893.300688	0.0435
1598544137.770	118.757	31.965	666053.821508	3537893.391007	0.0437
1598544137.770	118.757	31.965	666053.824766	3537893.478488	0.0438
1598544137.870	118.757	31.965	666053.829388	3537893.565276	0.0438
1598544137.870	118.757	31.965	666053.833092	3537893.654060	0.0438
1598544137.970	118.757	31.965	666053.836430	3537893.740864	0.0439
1598544137.970	118.757	31.965	666053.838916	3537893.827394	0.0440
1598544138.070	118.757	31.965	666053.841591	3537893.914978	0.0441
1598544138.070	118.757	31.965	666053.844681	3537893.999624	0.0442
1598544138.170	118.757	31.965	666053.847655	3537894.082419	0.0441
1598544138.170	118.757	31.965	666053.851479	3537894.167449	0.0440
1598544138.270	118.757	31.965	666053.854023	3537894.249064	0.0440
1598544138.270	118.757	31.965	666053.856357	3537894.328841	0.0442
1598544138.370	118.757	31.965	666053.858739	3537894.408933	0.0444
1598544138.370	118.757	31.965	666053.861326	3537894.486151	0.0445
1598544138.470	118.757	31.965	666053.864413	3537894.563792	0.0444
1598544138.470	118.757	31.965	666053.867728	3537894.638856	0.0443
1598544138.570	118.757	31.965	666053.871015	3537894.712397	0.0443
1598544138.570	118.757	31.965	666053.874269	3537894.785232	0.0444
1598544138.670	118.757	31.965	666053.876826	3537894.854800	0.0444
1598544138.670	118.757	31.965	666053.878266	3537894.923140	0.0444
1598544138.770	118.757	31.965	666053.879622	3537894.991239	0.0445
1598544138.770	118.757	31.965	666053.881440	3537895.055772	0.0445
1598544138.870	118.757	31.965	666053.883171	3537895.118294	0.0445
1598544138.870	118.757	31.965	666053.884705	3537895.180161	0.0444
1598544138.970	118.757	31.965	666053.885926	3537895.238833	0.0444
1598544138.970	118.757	31.965	666053.886688	3537895.295580	0.0444
1598544139.070	118.757	31.965	666053.888458	3537895.352008	0.0444
1598544139.070	118.757	31.965	666053.890785	3537895.405032	0.0445
1598544139.170	118.757	31.965	666053.892127	3537895.459720	0.0445
1598544139.170	118.757	31.965	666053.895423	3537895.506476	0.0444
1598544139.270	118.757	31.965	666053.898099	3537895.554355	0.0443
1598544139.270	118.757	31.965	666053.900778	3537895.601926	0.0441
1598544139.370	118.757	31.965	666053.903357	3537895.649381	0.0440
1598544139.370	118.757	31.965	666053.905717	3537895.694755	0.0440
1598544139.470	118.757	31.965	666053.907731	3537895.738692	0.0441
1598544139.470	118.757	31.965	666053.909640	3537895.783246	0.0442
1598544139.570	118.757	31.965	666053.911565	3537895.825574	0.0442
1598544139.570	118.757	31.965	666053.913572	3537895.867355	0.0442
1598544139.670	118.757	31.965	666053.915638	3537895.910298	0.0442
1598544139.670	118.757	31.965	666053.917217	3537895.951738	0.0443
1598544139.770	118.757	31.965	666053.918851	3537895.991212	0.0445
1598544139.770	118.757	31.965	666053.921251	3537896.030534	0.0445
1598544139.870	118.757	31.965	666053.923970	3537896.070289	0.0444
1598544139.870	118.757	31.965	666053.926233	3537896.111048	0.0444
1598544139.970	118.757	31.965	666053.927839	3537896.150741	0.0444
1598544139.970	118.757	31.965	666053.929337	3537896.190231	0.0444
1598544140.070	118.757	31.965	666053.930788	3537896.229579	0.0444
1598544140.070	118.757	31.965	666053.932143	3537896.267911	0.0445
1598544140.170	118.757	31.965	666053.933876	3537896.307284	0.0444
1598544140.170	118.757	31.965	666053.935589	3537896.345332	0.0445
1598544140.270	118.757	31.965	666053.937501	3537896.384199	0.0445
1598544140.270	118.757	31.965	666053.938986	3537896.422881	0.0446
1598544140.370	118.757	31.965	666053.940505	3537896.462300	0.0447
1598544140.370	118.757	31.965	666053.941885	3537896.501071	0.0448
1598544140.470	118.757	31.965	666053.943306	3537896.540740	0.0448
1598544140.470	118.757	31.965	666053.945513	3537896.581238	0.0447
1598544140.570	118.757	31.965	666053.947905	3537896.620969	0.0447
1598544140.570	118.757	31.965	666053.949831	3537896.661207	0.0448
1598544140.670	118.757	31.965	666053.952436	3537896.702892	0.0448
1598544140.670	118.757	31.965	666053.955316	3537896.743907	0.0449
1598544140.770	118.757	31.965	666053.957983	3537896.785084	0.0449
1598544140.770	118.757	31.965	666053.960845	3537896.825648	0.0448
1598544140.870	118.757	31.965	666053.964115	3537896.866982	0.0448
1598544140.870	118.757	31.965	666053.966588	3537896.909082	0.0449
1598544140.970	118.757	31.965	666053.968606	3537896.952457	0.0449
1598544140.970	118.757	31.965	666053.970793	3537896.994609	0.0450
1598544141.070	118.757	31.965	666053.972988	3537897.037533	0.0449
1598544141.070	118.757	31.965	666053.974836	3537897.080319	0.0449
1598544141.170	118.757	31.965	666053.977239	3537897.121184	0.0449
1598544141.170	118.757	31.965	666053.978844	3537897.164853	0.0450
1598544141.270	118.757	31.965	666053.980972	3537897.206695	0.0450
1598544141.270	118.757	31.965	666053.983061	3537897.248212	0.0451
1598544141.370	118.757	31.965	666053.985444	3537897.289967	0.0451
1598544141.370	118.757	31.965	666053.987357	3537897.329517	0.0450
1598544141.470	118.757	31.965	666053.988958	3537897.368104	0.0450
1598544141.470	118.757	31.965	666053.990558	3537897.405827	0.0451
1598544141.570	118.757	31.965	666053.992280	3537897.441571	0.0451
1598544141.570	118.757	31.965	666053.993645	3537897.475817	0.0451
1598544141.670	118.757	31.965	666053.994294	3537897.508945	0.0451
1598544141.670	118.757	31.965	666053.994583	3537897.538606	0.0451
1598544141.770	118.757	31.965	666053.994894	3537897.566292	0.0451
1598544141.770	118.757	31.965	666053.995409	3537897.591089	0.0451
1598544141.870	118.757	31.965	666053.996198	3537897.612901	0.0451
1598544141.870	118.757	31.965	666053.996328	3537897.631295	0.0451
1598544141.970	118.757	31.965	666053.996184	3537897.647296	0.0451
1598544141.970	118.757	31.965	666053.996164	3537897.659033	0.0451
1598544142.070	118.757	31.965	666053.995924	3537897.667169	0.0451
1598544142.070	118.757	31.965	666053.995631	3537897.672047	0.0450
1598544142.170	118.757	31.965	666053.995357	3537897.676970	0.0450
1598544142.170	118.757	31.965	666053.994735	3537897.675193	0.0449
1598544142.270	118.757	31.965	666053.993736	3537897.673395	0.0449
1598544142.270	118.757	31.965	666053.993048	3537897.668527	0.0449
1598544142.370	118.757	31.965	666053.992846	3537897.675092	0.0450
1598544142.370	118.757	31.965	666053.991119	3537897.648555	0.0450
1598544142.470	118.757	31.965	666053.990933	3537897.649642	0.0449
1598544142.470	118.757	31.965	666053.990587	3537897.640238	0.0449
1598544142.570	118.757	31.965	666053.990157	3537897.628844	0.0448
1598544142.570	118.757	31.965	666053.989780	3537897.619736	0.0449
1598544142.670	118.757	31.965	666053.989643	3537897.612568	0.0449
1598544142.670	118.757	31.965	666053.990152	3537897.605923	0.0449
1598544142.770	118.757	31.965	666053.990862	3537897.600267	0.0448
1598544142.770	118.757	31.965	666053.991099	3537897.595990	0.0448
1598544142.870	118.757	31.965	666053.990900	3537897.592841	0.0448
1598544142.870	118.757	31.965	666053.990930	3537897.590846	0.0448
1598544142.970	118.757	31.965	666053.991236	3537897.589754	0.0448
1598544142.970	118.757	31.965	666053.991577	3537897.589274	0.0448
1598544143.070	118.757	31.965	666053.992013	3537897.588899	0.0448
1598544143.070	118.757	31.965	666053.992041	3537897.588810	0.0447
1598544143.170	118.757	31.965	666053.992371	3537897.587703	0.0447
1598544143.170	118.757	31.965	666053.992091	3537897.588563	0.0447
1598544143.270	118.757	31.965	666053.991992	3537897.588920	0.0447
1598544143.270	118.757	31.965	666053.991870	3537897.589006	0.0447
1598544143.370	118.757	31.965	666053.991707	3537897.589080	0.0447
1598544143.370	118.757	31.965	666053.991478	3537897.589484	0.0447
1598544143.470	118.757	31.965	666053.991564	3537897.590242	0.0447
1598544143.470	118.757	31.965	666053.991947	3537897.590724	0.0447
1598544143.570	118.757	31.965	666053.992274	3537897.591383	0.0447
1598544143.570	118.757	31.965	666053.992346	3537897.591552	0.0447
1598544143.670	118.757	31.965	666053.992548	3537897.591974	0.0447
1598544143.670	118.757	31.965	666053.992971	3537897.592235	0.0447
1598544143.770	118.757	31.965	666053.993371	3537897.593273	0.0447
1598544143.770	118.757	31.965	666053.993594	3537897.592725	0.0447
1598544143.870	118.757	31.965	666053.994346	3537897.592374	0.0448
1598544143.870	118.757	31.965	666053.994991	3537897.592398	0.0448
1598544143.970	118.757	31.965	666053.995499	3537897.592517	0.0448
1598544143.970	118.757	31.965	666053.995408	3537897.592584	0.0448
1598544144.070	118.757	31.965	666053.995099	3537897.590959	0.0448
1598544144.070	118.757	31.965	666053.995578	3537897.591927	0.0448
1598544144.170	118.757	31.965	666053.996077	3537897.592916	0.0448
1598544144.170	118.757	31.965	666053.996331	3537897.592510	0.0448
1598544144.270	118.757	31.965	666053.995636	3537897.591642	0.0448
1598544144.270	118.757	31.965	666053.995424	3537897.590740	0.0448
1598544144.370	118.757	31.965	666053.995334	3537897.589982	0.0448
1598544144.370	118.757	31.965	666053.995355	3537897.589514	0.0448
1598544144.470	118.757	31.965	666053.995567	3537897.589284	0.0448
1598544144.470	118.757	31.965	666053.995807	3537897.589054	0.0448
1598544144.570	118.757	31.965	666053.995889	3537897.588833	0.0448
1598544144.570	118.757	31.965	666053.995530	3537897.588640	0.0448
1598544144.670	118.757	31.965	666053.995557	3537897.588743	0.0447
1598544144.670	118.757	31.965	666053.995924	3537897.588753	0.0447
1598544144.770	118.757	31.965	666053.996299	3537897.588738	0.0448
1598544144.770	118.757	31.965	666053.996349	3537897.588755	0.0448
1598544144.870	118.757	31.965	666053.995995	3537897.589227	0.0448
1598544144.870	118.757	31.965	666053.995933	3537897.589533	0.0448
1598544144.970	118.757	31.965	666053.995956	3537897.589707	0.0448
1598544144.970	118.757	31.965	666053.995867	3537897.589696	0.0448
1598544145.070	118.757	31.965	666053.995724	3537897.589759	0.0448
1598544145.070	118.757	31.965	666053.995637	3537897.590077	0.0448
1598544145.170	118.757	31.965	666053.995916	3537897.591117	0.0448
1598544145.170	118.757	31.965	666053.995994	3537897.590909	0.0447
1598544145.270	118.757	31.965	666053.996571	3537897.590605	0.0447
1598544145.270	118.757	31.965	666053.996868	3537897.590469	0.0447
1598544145.370	118.757	31.965	666053.996995	3537897.590443	0.0447
1598544145.370	118.757	31.965	666053.997063	3537897.590383	0.0447
1598544145.470	118.757	31.965	666053.997305	3537897.589976	0.0447
1598544145.470	118.757	31.965	666053.997808	3537897.589767	0.0448
1598544145.570	118.757	31.965	666053.998314	3537897.590718	0.0448
1598544145.570	118.757	31.965	666053.998589	3537897.590558	0.0449
1598544145.670	118.757	31.965	666053.998555	3537897.590050	0.0449
1598544145.670	118.757	31.965	666053.998284	3537897.589861	0.0449
