1598545844.825	118.757	31.962	666022.115514	3537593.527386	0.1135
1598545844.925	118.757	31.962	666022.166346	3537593.976005	0.1145
1598545845.025	118.757	31.962	666022.217502	3537594.418429	0.1159
1598545845.125	118.757	31.962	666022.266455	3537594.856424	0.1170
1598545845.225	118.757	31.962	666022.291391	3537595.067024	0.1175
1598545845.225	118.757	31.962	666022.316890	3537595.272375	0.1182
1598545845.325	118.757	31.962	666022.340767	3537595.484571	0.1189
1598545845.325	118.757	31.962	666022.364390	3537595.686951	0.1195
1598545845.425	118.757	31.962	666022.388281	3537595.885609	0.1200
1598545845.425	118.757	31.962	666022.412217	3537596.085517	0.1205
1598545845.525	118.757	31.962	666022.435328	3537596.279036	0.1211
1598545845.525	118.757	31.962	666022.457791	3537596.469377	0.1215
1598545845.625	118.757	31.962	666022.480559	3537596.660738	0.1219
1598545845.625	118.757	31.962	666022.501755	3537596.845810	0.1224
1598545845.725	118.757	31.962	666022.523443	3537597.027827	0.1228
1598545845.725	118.757	31.962	666022.545706	3537597.210290	0.1232
1598545845.825	118.757	31.962	666022.567224	3537597.383430	0.1234
1598545845.825	118.757	31.962	666022.587725	3537597.554714	0.1236
1598545845.925	118.757	31.962	666022.608326	3537597.728803	0.1238
1598545845.925	118.757	31.962	666022.628513	3537597.893135	0.1238
1598545846.025	118.757	31.962	666022.648090	3537598.055102	0.1240
1598545846.025	118.757	31.962	666022.666489	3537598.214650	0.1242
1598545846.125	118.757	31.962	666022.684978	3537598.372005	0.1244
1598545846.125	118.757	31.962	666022.703337	3537598.526012	0.1245
1598545846.225	118.757	31.962	666022.721078	3537598.676573	0.1246
1598545846.225	118.757	31.962	666022.738456	3537598.821296	0.1247
1598545846.325	118.757	31.962	666022.754876	3537598.962461	0.1249
1598545846.325	118.757	31.962	666022.770946	3537599.102568	0.1250
1598545846.425	118.757	31.962	666022.785380	3537599.235759	0.1251
1598545846.425	118.757	31.962	666022.798968	3537599.366346	0.1251
1598545846.525	118.757	31.962	666022.813351	3537599.495739	0.1252
1598545846.525	118.757	31.962	666022.826872	3537599.618459	0.1253
1598545846.625	118.757	31.962	666022.840302	3537599.738777	0.1255
1598545846.625	118.757	31.962	666022.854404	3537599.858114	0.1256
1598545846.725	118.757	31.962	666022.867869	3537599.971117	0.1256
1598545846.725	118.757	31.962	666022.880972	3537600.080064	0.1257
1598545846.825	118.757	31.962	666022.892802	3537600.185351	0.1257
1598545846.825	118.757	31.962	666022.904714	3537600.291590	0.1259
1598545846.925	118.757	31.962	666022.916591	3537600.391081	0.1261
1598545846.925	118.757	31.962	666022.928453	3537600.488903	0.1262
1598545847.025	118.757	31.962	666022.939696	3537600.580870	0.1262
1598545847.025	118.757	31.962	666022.951612	3537600.667245	0.1262
1598545847.125	118.757	31.962	666022.961981	3537600.757840	0.1264
1598545847.125	118.757	31.962	666022.971824	3537600.843300	0.1265
1598545847.225	118.757	31.962	666022.983500	3537600.920020	0.1265
1598545847.225	118.757	31.962	666022.993431	3537600.997953	0.1266
1598545847.325	118.757	31.962	666023.002765	3537601.075411	0.1267
1598545847.325	118.757	31.962	666023.011859	3537601.149334	0.1268
1598545847.425	118.757	31.962	666023.020354	3537601.214448	0.1268
1598545847.425	118.757	31.962	666023.028586	3537601.281182	0.1269
1598545847.525	118.757	31.962	666023.037058	3537601.347688	0.1269
1598545847.525	118.757	31.962	666023.044667	3537601.410040	0.1270
1598545847.625	118.757	31.962	666023.052937	3537601.467554	0.1272
1598545847.625	118.757	31.962	666023.061175	3537601.534046	0.1273
1598545847.725	118.757	31.962	666023.069946	3537601.593736	0.1274
1598545847.725	118.757	31.962	666023.078580	3537601.651390	0.1274
1598545847.825	118.757	31.962	666023.086473	3537601.710571	0.1273
1598545847.825	118.757	31.962	666023.093492	3537601.769142	0.1273
1598545847.925	118.757	31.962	666023.100539	3537601.827385	0.1274
1598545847.925	118.757	31.962	666023.107544	3537601.886523	0.1276
1598545848.025	118.757	31.962	666023.115631	3537601.944308	0.1277
1598545848.025	118.757	31.962	666023.124165	3537602.002713	0.1277
1598545848.125	118.757	31.962	666023.132579	3537602.063185	0.1276
1598545848.125	118.757	31.962	666023.140487	3537602.120342	0.1277
1598545848.225	118.757	31.962	666023.147199	3537602.180677	0.1278
1598545848.225	118.757	31.962	666023.154428	3537602.240243	0.1280
1598545848.325	118.757	31.962	666023.161499	3537602.298763	0.1281
1598545848.325	118.757	31.962	666023.169032	3537602.357030	0.1280
1598545848.425	118.757	31.962	666023.176817	3537602.416318	0.1280
1598545848.425	118.757	31.962	666023.184499	3537602.474160	0.1280
1598545848.525	118.757	31.962	666023.191525	3537602.529824	0.1281
1598545848.525	118.757	31.962	666023.199093	3537602.588149	0.1282
1598545848.625	118.757	31.962	666023.206327	3537602.645584	0.1282
1598545848.625	118.757	31.962	666023.213346	3537602.703130	0.1281
1598545848.725	118.757	31.962	666023.220719	3537602.761305	0.1281
1598545848.725	118.757	31.962	666023.227878	3537602.818071	0.1281
1598545848.825	118.757	31.962	666023.234330	3537602.874843	0.1282
1598545848.825	118.757	31.962	666023.240786	3537602.932794	0.1283
1598545848.925	118.757	31.962	666023.247618	3537602.989602	0.1283
1598545848.925	118.757	31.962	666023.254702	3537603.046370	0.1282
1598545849.025	118.757	31.962	666023.262143	3537603.104042	0.1282
1598545849.025	118.757	31.962	666023.268761	3537603.160871	0.1282
1598545849.125	118.757	31.962	666023.274221	3537603.217730	0.1282
1598545849.125	118.757	31.962	666023.281141	3537603.273070	0.1284
1598545849.225	118.757	31.962	666023.285376	3537603.330935	0.1284
1598545849.225	118.757	31.962	666023.291460	3537603.385060	0.1284
1598545849.325	118.757	31.962	666023.298235	3537603.437593	0.1283
1598545849.325	118.757	31.962	666023.304455	3537603.487965	0.1283
1598545849.425	118.757	31.962	666023.310659	3537603.536953	0.1284
1598545849.425	118.757	31.962	666023.317128	3537603.584628	0.1284
1598545849.525	118.757	31.962	666023.323084	3537603.627424	0.1285
1598545849.525	118.757	31.962	666023.329009	3537603.669679	0.1284
1598545849.625	118.757	31.962	666023.334433	3537603.709681	0.1284
1598545849.625	118.757	31.962	666023.338581	3537603.746262	0.1284
1598545849.725	118.757	31.962	666023.342059	3537603.778825	0.1284
1598545849.725	118.757	31.962	666023.344948	3537603.808674	0.1284
1598545849.825	118.757	31.962	666023.346899	3537603.833420	0.1284
1598545849.825	118.757	31.962	666023.348504	3537603.854144	0.1283
1598545849.925	118.757	31.962	666023.350530	3537603.870915	0.1283
1598545849.925	118.757	31.962	666023.351644	3537603.883253	0.1283
1598545850.025	118.757	31.962	666023.352062	3537603.892437	0.1283
1598545850.025	118.757	31.962	666023.351635	3537603.898364	0.1283
1598545850.125	118.757	31.962	666023.350704	3537603.900757	0.1282
1598545850.125	118.757	31.962	666023.350509	3537603.904250	0.1282
1598545850.225	118.757	31.962	666023.348321	3537603.895860	0.1281
1598545850.225	118.757	31.962	666023.347484	3537603.891562	0.1280
1598545850.325	118.757	31.962	666023.346800	3537603.886783	0.1279
1598545850.325	118.757	31.962	666023.346630	3537603.889720	0.1279
1598545850.425	118.757	31.962	666023.345439	3537603.880283	0.1279
1598545850.425	118.757	31.962	666023.344155	3537603.867414	0.1279
1598545850.525	118.757	31.962	666023.343013	3537603.855379	0.1279
1598545850.525	118.757	31.962	666023.341827	3537603.842284	0.1278
1598545850.625	118.757	31.962	666023.341156	3537603.831660	0.1278
1598545850.625	118.757	31.962	666023.340952	3537603.824219	0.1277
1598545850.725	118.757	31.962	666023.341197	3537603.818391	0.1277
1598545850.725	118.757	31.962	666023.340841	3537603.813414	0.1277
1598545850.825	118.757	31.962	666023.341803	3537603.809330	0.1277
1598545850.825	118.757	31.962	666023.342855	3537603.805985	0.1276
1598545850.925	118.757	31.962	666023.343501	3537603.803523	0.1276
1598545850.925	118.757	31.962	666023.344038	3537603.802235	0.1276
1598545851.025	118.757	31.962	666023.344746	3537603.801765	0.1276
1598545851.025	118.757	31.962	666023.345151	3537603.802028	0.1275
1598545851.125	118.757	31.962	666023.345247	3537603.802868	0.1275
1598545851.125	118.757	31.962	666023.345695	3537603.800681	0.1275
1598545851.225	118.757	31.962	666023.345601	3537603.803981	0.1275
1598545851.225	118.757	31.962	666023.345812	3537603.804947	0.1275
1598545851.325	118.757	31.962	666023.345865	3537603.806342	0.1275
1598545851.325	118.757	31.962	666023.346314	3537603.805556	0.1275
1598545851.425	118.757	31.962	666023.346411	3537603.806283	0.1275
1598545851.425	118.757	31.962	666023.346545	3537603.807373	0.1275
1598545851.525	118.757	31.962	666023.346562	3537603.808302	0.1274
1598545851.525	118.757	31.962	666023.346420	3537603.809120	0.1274
1598545851.625	118.757	31.962	666023.346503	3537603.809584	0.1274
1598545851.625	118.757	31.962	666023.346651	3537603.810018	0.1274
1598545851.725	118.757	31.962	666023.346328	3537603.810540	0.1274
1598545851.725	118.757	31.962	666023.345823	3537603.811038	0.1274
1598545851.825	118.757	31.962	666023.345718	3537603.810954	0.1274
1598545851.825	118.757	31.962	666023.345493	3537603.810844	0.1274
1598545851.925	118.757	31.962	666023.345424	3537603.810649	0.1273
1598545851.925	118.757	31.962	666023.345444	3537603.810462	0.1273
1598545852.025	118.757	31.962	666023.345493	3537603.810253	0.1273
1598545852.025	118.757	31.962	666023.345135	3537603.809806	0.1273
1598545852.125	118.757	31.962	666023.345048	3537603.809540	0.1273
1598545852.125	118.757	31.962	666023.345269	3537603.809579	0.1273
1598545852.225	118.757	31.962	666023.345262	3537603.809338	0.1272
1598545852.225	118.757	31.962	666023.344880	3537603.809112	0.1272
