1598545121.913	118.757	31.963	666020.315135	3537651.630687	3.2614
1598545122.013	118.757	31.963	666020.307690	3537651.545713	3.2616
1598545122.113	118.757	31.963	666020.298299	3537651.466026	3.2615
1598545122.213	118.757	31.963	666020.293017	3537651.387460	3.2614
1598545122.313	118.757	31.963	666020.289840	3537651.351406	3.2614
1598545122.313	118.757	31.963	666020.285982	3537651.316147	3.2614
1598545122.413	118.757	31.963	666020.282099	3537651.282163	3.2614
1598545122.413	118.757	31.963	666020.278489	3537651.248843	3.2614
1598545122.513	118.757	31.963	666020.274917	3537651.216343	3.2614
1598545122.513	118.757	31.963	666020.271790	3537651.185700	3.2615
1598545122.613	118.757	31.963	666020.267794	3537651.156264	3.2616
1598545122.613	118.757	31.963	666020.263340	3537651.127445	3.2617
1598545122.713	118.757	31.963	666020.259627	3537651.101403	3.2617
1598545122.713	118.757	31.963	666020.256331	3537651.076312	3.2617
1598545122.813	118.757	31.963	666020.252937	3537651.051803	3.2617
1598545122.813	118.757	31.963	666020.249836	3537651.029227	3.2618
1598545122.913	118.757	31.963	666020.246780	3537651.006915	3.2618
1598545122.913	118.757	31.963	666020.243829	3537650.985444	3.2619
1598545123.013	118.757	31.963	666020.241256	3537650.965912	3.2619
1598545123.013	118.757	31.963	666020.239272	3537650.947567	3.2619
1598545123.113	118.757	31.963	666020.237110	3537650.930364	3.2619
1598545123.113	118.757	31.963	666020.234936	3537650.913822	3.2619
1598545123.213	118.757	31.963	666020.234315	3537650.901823	3.2619
1598545123.213	118.757	31.963	666020.233340	3537650.889804	3.2619
1598545123.314	118.757	31.963	666020.232493	3537650.878224	3.2619
1598545123.314	118.757	31.963	666020.231993	3537650.867495	3.2619
1598545123.413	118.757	31.963	666020.231743	3537650.857513	3.2619
1598545123.413	118.757	31.963	666020.231611	3537650.848773	3.2619
1598545123.513	118.757	31.963	666020.230724	3537650.840832	3.2619
1598545123.513	118.757	31.963	666020.229916	3537650.834625	3.2619
1598545123.614	118.757	31.963	666020.229491	3537650.829983	3.2619
1598545123.614	118.757	31.963	666020.229216	3537650.826769	3.2619
1598545123.713	118.757	31.963	666020.229349	3537650.825518	3.2619
1598545123.713	118.757	31.963	666020.229456	3537650.825794	3.2619
1598545123.813	118.757	31.963	666020.229615	3537650.826719	3.2618
1598545123.813	118.757	31.963	666020.229667	3537650.827612	3.2618
1598545123.913	118.757	31.963	666020.229690	3537650.829325	3.2617
1598545123.914	118.757	31.963	666020.229872	3537650.832150	3.2617
1598545124.013	118.757	31.963	666020.230084	3537650.835988	3.2617
1598545124.013	118.757	31.963	666020.230153	3537650.840939	3.2617
1598545124.113	118.757	31.963	666020.230363	3537650.845850	3.2617
1598545124.113	118.757	31.963	666020.230168	3537650.847896	3.2617
1598545124.213	118.757	31.963	666020.230820	3537650.856096	3.2616
1598545124.214	118.757	31.963	666020.230993	3537650.860459	3.2616
1598545124.313	118.757	31.963	666020.230993	3537650.863272	3.2616
1598545124.313	118.757	31.963	666020.230884	3537650.865359	3.2615
1598545124.413	118.757	31.963	666020.230367	3537650.867419	3.2615
1598545124.413	118.757	31.963	666020.230193	3537650.869225	3.2614
1598545124.513	118.757	31.963	666020.229957	3537650.870614	3.2615
1598545124.513	118.757	31.963	666020.229642	3537650.871489	3.2615
1598545124.613	118.757	31.963	666020.229407	3537650.871283	3.2614
1598545124.613	118.757	31.963	666020.229256	3537650.870515	3.2613
1598545124.713	118.757	31.963	666020.229332	3537650.870405	3.2613
1598545124.713	118.757	31.963	666020.229398	3537650.870477	3.2613
1598545124.813	118.757	31.963	666020.229491	3537650.870766	3.2613
1598545124.813	118.757	31.963	666020.229500	3537650.870719	3.2612
1598545124.913	118.757	31.963	666020.229153	3537650.870506	3.2612
1598545124.913	118.757	31.963	666020.228912	3537650.870071	3.2612
1598545125.013	118.757	31.963	666020.228867	3537650.869548	3.2611
1598545125.013	118.757	31.963	666020.228564	3537650.869333	3.2611
1598545125.113	118.757	31.963	666020.228358	3537650.869113	3.2610
1598545125.113	118.757	31.963	666020.227856	3537650.869827	3.2610
1598545125.213	118.757	31.963	666020.227555	3537650.868405	3.2610
1598545125.213	118.757	31.963	666020.227255	3537650.867914	3.2610
1598545125.313	118.757	31.963	666020.226898	3537650.867417	3.2610
1598545125.313	118.757	31.963	666020.226715	3537650.866909	3.2609
1598545125.413	118.757	31.963	666020.226715	3537650.866461	3.2610
1598545125.413	118.757	31.963	666020.226590	3537650.865859	3.2610
1598545125.514	118.757	31.963	666020.226351	3537650.865255	3.2610
1598545125.514	118.757	31.963	666020.226215	3537650.864748	3.2610
1598545125.613	118.757	31.963	666020.226246	3537650.864549	3.2610
1598545125.613	118.757	31.963	666020.225779	3537650.864157	3.2610
1598545125.713	118.757	31.963	666020.225356	3537650.863772	3.2611
1598545125.713	118.757	31.963	666020.224977	3537650.863402	3.2611
1598545125.813	118.757	31.963	666020.224761	3537650.862892	3.2611
1598545125.813	118.757	31.963	666020.224682	3537650.862077	3.2611
1598545125.913	118.757	31.963	666020.224517	3537650.861230	3.2611
1598545125.913	118.757	31.963	666020.224459	3537650.860459	3.2611
1598545126.013	118.757	31.963	666020.224413	3537650.859744	3.2611
1598545126.013	118.757	31.963	666020.224097	3537650.859098	3.2611
1598545126.113	118.757	31.963	666020.224076	3537650.858730	3.2611
1598545126.113	118.757	31.963	666020.223573	3537650.858738	3.2611
1598545126.213	118.757	31.963	666020.224487	3537650.857943	3.2611
1598545126.213	118.757	31.963	666020.224877	3537650.857491	3.2611
1598545126.313	118.757	31.963	666020.225288	3537650.857001	3.2611
1598545126.313	118.757	31.963	666020.225605	3537650.856587	3.2611
1598545126.414	118.757	31.963	666020.225586	3537650.856383	3.2612
1598545126.414	118.757	31.963	666020.225921	3537650.855944	3.2612
1598545126.513	118.757	31.963	666020.225991	3537650.855189	3.2612
1598545126.513	118.757	31.963	666020.226129	3537650.854468	3.2612
1598545126.613	118.757	31.963	666020.225984	3537650.853627	3.2612
1598545126.613	118.757	31.963	666020.226174	3537650.853225	3.2612
1598545126.713	118.757	31.963	666020.226462	3537650.853442	3.2613
1598545126.713	118.757	31.963	666020.226826	3537650.853761	3.2613
1598545126.813	118.757	31.963	666020.227086	3537650.853644	3.2613
1598545126.813	118.757	31.963	666020.227006	3537650.853272	3.2613
1598545126.913	118.757	31.963	666020.227009	3537650.853104	3.2613
1598545126.913	118.757	31.963	666020.227020	3537650.853164	3.2613
1598545127.013	118.757	31.963	666020.226911	3537650.853071	3.2614
1598545127.013	118.757	31.963	666020.226894	3537650.852811	3.2614
1598545127.113	118.757	31.963	666020.226856	3537650.852740	3.2614
1598545127.113	118.757	31.963	666020.226628	3537650.852863	3.2614
1598545127.213	118.757	31.963	666020.226944	3537650.852568	3.2614
1598545127.213	118.757	31.963	666020.226745	3537650.852494	3.2614
1598545127.313	118.757	31.963	666020.226494	3537650.852563	3.2614
1598545127.313	118.757	31.963	666020.226391	3537650.852639	3.2614
1598545127.413	118.757	31.963	666020.226173	3537650.853133	3.2614
1598545127.413	118.757	31.963	666020.225817	3537650.853418	3.2614
1598545127.513	118.757	31.963	666020.225876	3537650.853623	3.2614
1598545127.513	118.757	31.963	666020.226007	3537650.853767	3.2614
1598545127.613	118.757	31.963	666020.225976	3537650.853752	3.2614
1598545127.613	118.757	31.963	666020.225930	3537650.854135	3.2614
1598545127.713	118.757	31.963	666020.226129	3537650.854638	3.2614
1598545127.713	118.757	31.963	666020.226363	3537650.855170	3.2614
1598545127.814	118.757	31.963	666020.226548	3537650.856054	3.2614
1598545127.814	118.757	31.963	666020.226574	3537650.856843	3.2614
1598545127.913	118.757	31.963	666020.226477	3537650.857133	3.2614
1598545127.913	118.757	31.963	666020.226224	3537650.857794	3.2613
1598545128.014	118.757	31.963	666020.226065	3537650.858131	3.2613
1598545128.014	118.757	31.963	666020.225839	3537650.858424	3.2613
1598545128.114	118.757	31.963	666020.225710	3537650.858572	3.2614
1598545128.114	118.757	31.963	666020.225420	3537650.859188	3.2613
1598545128.213	118.757	31.963	666020.226043	3537650.858197	3.2613
1598545128.213	118.757	31.963	666020.226182	3537650.857799	3.2613
1598545128.313	118.757	31.963	666020.226467	3537650.857644	3.2613
1598545128.313	118.757	31.963	666020.226702	3537650.857521	3.2613
1598545128.413	118.757	31.963	666020.227122	3537650.857839	3.2613
1598545128.413	118.757	31.963	666020.227461	3537650.858212	3.2613
1598545128.513	118.757	31.963	666020.227751	3537650.858089	3.2613
1598545128.513	118.757	31.963	666020.227983	3537650.857844	3.2613
1598545128.613	118.757	31.963	666020.228599	3537650.857652	3.2613
1598545128.613	118.757	31.963	666020.229139	3537650.857598	3.2613
1598545128.713	118.757	31.963	666020.229488	3537650.857673	3.2613
1598545128.713	118.757	31.963	666020.229762	3537650.857698	3.2613
1598545128.813	118.757	31.963	666020.229901	3537650.857453	3.2613
1598545128.813	118.757	31.963	666020.230030	3537650.857564	3.2613
1598545128.913	118.757	31.963	666020.230087	3537650.857793	3.2613
1598545128.913	118.757	31.963	666020.230134	3537650.858001	3.2613
1598545129.013	118.757	31.963	666020.230481	3537650.858008	3.2613
1598545129.013	118.757	31.963	666020.230937	3537650.857528	3.2613
1598545129.113	118.757	31.963	666020.231364	3537650.857134	3.2613
1598545129.113	118.757	31.963	666020.231484	3537650.857359	3.2613
1598545129.213	118.757	31.963	666020.232333	3537650.856273	3.2613
1598545129.213	118.757	31.963	666020.232912	3537650.855906	3.2613
1598545129.313	118.757	31.963	666020.232986	3537650.855849	3.2613
1598545129.313	118.757	31.963	666020.232997	3537650.855737	3.2613
1598545129.413	118.757	31.963	666020.232904	3537650.855694	3.2613
1598545129.413	118.757	31.963	666020.232446	3537650.855349	3.2613
1598545129.513	118.757	31.963	666020.232208	3537650.854867	3.2613
1598545129.513	118.757	31.963	666020.232154	3537650.854412	3.2613
1598545129.613	118.757	31.963	666020.232478	3537650.854081	3.2613
1598545129.613	118.757	31.963	666020.232415	3537650.853555	3.2612
1598545129.713	118.757	31.963	666020.232056	3537650.853187	3.2612
1598545129.714	118.757	31.963	666020.231799	3537650.852968	3.2613
1598545129.813	118.757	31.963	666020.231525	3537650.852959	3.2613
1598545129.813	118.757	31.963	666020.230943	3537650.852988	3.2613
1598545129.913	118.757	31.963	666020.230694	3537650.852644	3.2613
1598545129.913	118.757	31.963	666020.230740	3537650.852217	3.2613
1598545130.013	118.757	31.963	666020.230547	3537650.852010	3.2613
1598545130.013	118.757	31.963	666020.230100	3537650.851800	3.2613
1598545130.113	118.757	31.963	666020.229748	3537650.851327	3.2613
1598545130.113	118.757	31.963	666020.229457	3537650.851212	3.2613
1598545130.213	118.757	31.963	666020.229599	3537650.850637	3.2613
1598545130.213	118.757	31.963	666020.229605	3537650.850424	3.2613
1598545130.313	118.757	31.963	666020.229722	3537650.850377	3.2612
1598545130.313	118.757	31.963	666020.229772	3537650.850281	3.2612
1598545130.413	118.757	31.963	666020.230208	3537650.850201	3.2613
1598545130.413	118.757	31.963	666020.230582	3537650.850306	3.2613
1598545130.513	118.757	31.963	666020.230972	3537650.850553	3.2612
1598545130.513	118.757	31.963	666020.231528	3537650.850851	3.2612
1598545130.613	118.757	31.963	666020.232215	3537650.851235	3.2612
1598545130.613	118.757	31.963	666020.232541	3537650.852080	3.2612
1598545130.713	118.757	31.963	666020.232553	3537650.852476	3.2612
1598545130.713	118.757	31.963	666020.232535	3537650.853022	3.2612
1598545130.813	118.757	31.963	666020.232801	3537650.853072	3.2612
1598545130.813	118.757	31.963	666020.232933	3537650.853436	3.2613
1598545130.913	118.757	31.963	666020.232955	3537650.853748	3.2613
1598545130.913	118.757	31.963	666020.232937	3537650.854077	3.2613
1598545131.013	118.757	31.963	666020.232604	3537650.854329	3.2613
1598545131.013	118.757	31.963	666020.232381	3537650.854784	3.2613
1598545131.113	118.757	31.963	666020.232429	3537650.855062	3.2613
1598545131.113	118.757	31.963	666020.232247	3537650.855427	3.2613
1598545131.213	118.757	31.963	666020.232453	3537650.855068	3.2613
1598545131.213	118.757	31.963	666020.232351	3537650.855382	3.2613
1598545131.313	118.757	31.963	666020.232541	3537650.855957	3.2613
1598545131.313	118.757	31.963	666020.232622	3537650.856459	3.2613
1598545131.413	118.757	31.963	666020.232570	3537650.856793	3.2613
1598545131.413	118.757	31.963	666020.232698	3537650.856866	3.2613
1598545131.513	118.757	31.963	666020.232889	3537650.856633	3.2613
1598545131.513	118.757	31.963	666020.233078	3537650.856404	3.2614
1598545131.613	118.757	31.963	666020.233282	3537650.856149	3.2614
1598545131.613	118.757	31.963	666020.233325	3537650.856447	3.2614
1598545131.713	118.757	31.963	666020.233361	3537650.856644	3.2614
1598545131.713	118.757	31.963	666020.233428	3537650.856696	3.2614
1598545131.813	118.757	31.963	666020.233653	3537650.856604	3.2614
1598545131.813	118.757	31.963	666020.233915	3537650.856444	3.2614
1598545131.913	118.757	31.963	666020.234187	3537650.856006	3.2614
1598545131.913	118.757	31.963	666020.234241	3537650.855640	3.2614
1598545132.013	118.757	31.963	666020.233964	3537650.855683	3.2613
1598545132.013	118.757	31.963	666020.233696	3537650.855754	3.2614
1598545132.113	118.757	31.963	666020.233539	3537650.855613	3.2614
1598545132.113	118.757	31.963	666020.233591	3537650.855731	3.2614
1598545132.213	118.757	31.963	666020.233514	3537650.855590	3.2614
1598545132.213	118.757	31.963	666020.233038	3537650.855453	3.2614
1598545132.313	118.757	31.963	666020.232983	3537650.855173	3.2614
1598545132.313	118.757	31.963	666020.232981	3537650.854884	3.2614
1598545132.413	118.757	31.963	666020.232768	3537650.854750	3.2614
1598545132.413	118.757	31.963	666020.232670	3537650.854812	3.2614
1598545132.513	118.757	31.963	666020.232193	3537650.854910	3.2614
1598545132.513	118.757	31.963	666020.231639	3537650.855042	3.2614
1598545132.613	118.757	31.963	666020.230993	3537650.854597	3.2614
1598545132.613	118.757	31.963	666020.230768	3537650.854764	3.2614
1598545132.713	118.757	31.963	666020.230409	3537650.855093	3.2614
1598545132.713	118.757	31.963	666020.230176	3537650.855273	3.2614
1598545132.813	118.757	31.963	666020.229498	3537650.855760	3.2614
1598545132.813	118.757	31.963	666020.229186	3537650.855913	3.2615
1598545132.913	118.757	31.963	666020.229218	3537650.856331	3.2615
1598545132.914	118.757	31.963	666020.229353	3537650.856628	3.2615
1598545133.013	118.757	31.963	666020.229136	3537650.856820	3.2615
1598545133.013	118.757	31.963	666020.228386	3537650.857433	3.2615
1598545133.113	118.757	31.963	666020.228026	3537650.858213	3.2615
1598545133.113	118.757	31.963	666020.227751	3537650.858753	3.2615
1598545133.213	118.757	31.963	666020.227419	3537650.859342	3.2616
1598545133.213	118.757	31.963	666020.227241	3537650.859592	3.2616
1598545133.313	118.757	31.963	666020.227234	3537650.859316	3.2616
1598545133.313	118.757	31.963	666020.227301	3537650.858805	3.2616
1598545133.413	118.757	31.963	666020.227186	3537650.858499	3.2616
1598545133.413	118.757	31.963	666020.227221	3537650.858079	3.2616
1598545133.513	118.757	31.963	666020.227255	3537650.857260	3.2617
1598545133.513	118.757	31.963	666020.227173	3537650.856397	3.2617
1598545133.613	118.757	31.963	666020.227049	3537650.855833	3.2617
1598545133.613	118.757	31.963	666020.227248	3537650.855277	3.2617
1598545133.713	118.757	31.963	666020.227715	3537650.854845	3.2617
1598545133.713	118.757	31.963	666020.228100	3537650.854453	3.2617
1598545133.813	118.757	31.963	666020.228193	3537650.854090	3.2617
1598545133.813	118.757	31.963	666020.228115	3537650.853769	3.2617
1598545133.913	118.757	31.963	666020.228158	3537650.853690	3.2617
1598545133.913	118.757	31.963	666020.228191	3537650.853647	3.2617
1598545134.013	118.757	31.963	666020.228176	3537650.853554	3.2618
1598545134.013	118.757	31.963	666020.228355	3537650.853436	3.2618
1598545134.113	118.757	31.963	666020.228691	3537650.853493	3.2618
1598545134.113	118.757	31.963	666020.228678	3537650.853714	3.2618
1598545134.213	118.757	31.963	666020.228804	3537650.853992	3.2618
1598545134.213	118.757	31.963	666020.228842	3537650.854036	3.2618
1598545134.313	118.757	31.963	666020.228874	3537650.853995	3.2618
1598545134.313	118.757	31.963	666020.228856	3537650.853785	3.2618
1598545134.413	118.757	31.963	666020.228549	3537650.853384	3.2619
1598545134.413	118.757	31.963	666020.228351	3537650.853000	3.2619
1598545134.513	118.757	31.963	666020.228277	3537650.852734	3.2619
1598545134.513	118.757	31.963	666020.228218	3537650.852442	3.2619
1598545134.613	118.757	31.963	666020.228199	3537650.852034	3.2619
1598545134.613	118.757	31.963	666020.227990	3537650.851821	3.2619
1598545134.713	118.757	31.963	666020.227812	3537650.851786	3.2619
1598545134.713	118.757	31.963	666020.227662	3537650.851699	3.2619
1598545134.813	118.757	31.963	666020.227449	3537650.851487	3.2620
1598545134.813	118.757	31.963	666020.227318	3537650.851361	3.2620
1598545134.913	118.757	31.963	666020.227566	3537650.851408	3.2620
1598545134.913	118.757	31.963	666020.227891	3537650.851357	3.2620
1598545135.013	118.757	31.963	666020.227694	3537650.851619	3.2620
1598545135.013	118.757	31.963	666020.227152	3537650.851715	3.2620
1598545135.113	118.757	31.963	666020.226409	3537650.852096	3.2620
1598545135.113	118.757	31.963	666020.226144	3537650.852409	3.2620
1598545135.213	118.757	31.963	666020.225393	3537650.852778	3.2620
1598545135.213	118.757	31.963	666020.225234	3537650.852812	3.2621
1598545135.313	118.757	31.963	666020.225059	3537650.852616	3.2621
1598545135.313	118.757	31.963	666020.224881	3537650.852197	3.2621
1598545135.413	118.757	31.963	666020.225041	3537650.852039	3.2621
1598545135.413	118.757	31.963	666020.224647	3537650.851887	3.2621
1598545135.513	118.757	31.963	666020.224018	3537650.851936	3.2621
1598545135.513	118.757	31.963	666020.223698	3537650.851965	3.2621
1598545135.613	118.757	31.963	666020.223493	3537650.851961	3.2622
1598545135.613	118.757	31.963	666020.222826	3537650.851091	3.2621
1598545135.713	118.757	31.963	666020.222374	3537650.851313	3.2621
1598545135.713	118.757	31.963	666020.222132	3537650.850564	3.2621
1598545135.813	118.757	31.963	666020.221684	3537650.849991	3.2621
1598545135.813	118.757	31.963	666020.220944	3537650.849534	3.2622
1598545135.913	118.757	31.963	666020.220395	3537650.849486	3.2622
1598545135.913	118.757	31.963	666020.219968	3537650.849421	3.2622
1598545136.013	118.757	31.963	666020.219678	3537650.849299	3.2622
1598545136.013	118.757	31.963	666020.219326	3537650.849638	3.2622
1598545136.113	118.757	31.963	666020.219334	3537650.849515	3.2622
1598545136.113	118.757	31.963	666020.218840	3537650.849635	3.2622
1598545136.213	118.757	31.963	666020.219410	3537650.849360	3.2622
1598545136.213	118.757	31.963	666020.219460	3537650.849290	3.2622
1598545136.313	118.757	31.963	666020.219557	3537650.848945	3.2622
1598545136.313	118.757	31.963	666020.219632	3537650.848485	3.2622
1598545136.413	118.757	31.963	666020.219706	3537650.848283	3.2622
1598545136.413	118.757	31.963	666020.219990	3537650.848191	3.2622
1598545136.513	118.757	31.963	666020.220316	3537650.848481	3.2623
1598545136.513	118.757	31.963	666020.220465	3537650.848824	3.2623
1598545136.613	118.757	31.963	666020.220638	3537650.848977	3.2623
1598545136.613	118.757	31.963	666020.221906	3537650.848789	3.2623
1598545136.713	118.757	31.963	666020.221939	3537650.849071	3.2623
1598545136.713	118.757	31.963	666020.222536	3537650.849028	3.2623
1598545136.813	118.757	31.963	666020.222884	3537650.849211	3.2623
1598545136.813	118.757	31.963	666020.223330	3537650.849607	3.2623
1598545136.913	118.757	31.963	666020.223696	3537650.849986	3.2623
1598545136.913	118.757	31.963	666020.224072	3537650.850273	3.2624
1598545137.013	118.757	31.963	666020.224266	3537650.850186	3.2624
1598545137.013	118.757	31.963	666020.224092	3537650.849938	3.2624
1598545137.113	118.757	31.963	666020.224232	3537650.850068	3.2624
1598545137.113	118.757	31.963	666020.224264	3537650.850392	3.2624
1598545137.213	118.757	31.963	666020.224560	3537650.850356	3.2624
1598545137.213	118.757	31.963	666020.224825	3537650.850175	3.2624
1598545137.313	118.757	31.963	666020.225261	3537650.849874	3.2624
1598545137.313	118.757	31.963	666020.225513	3537650.849517	3.2624
1598545137.413	118.757	31.963	666020.225507	3537650.849333	3.2624
1598545137.413	118.757	31.963	666020.225489	3537650.849043	3.2624
1598545137.513	118.757	31.963	666020.225409	3537650.848517	3.2624
1598545137.513	118.757	31.963	666020.225416	3537650.847838	3.2624
1598545137.613	118.757	31.963	666020.225583	3537650.847442	3.2624
1598545137.613	118.757	31.963	666020.225792	3537650.846354	3.2625
1598545137.713	118.757	31.963	666020.225701	3537650.846270	3.2625
1598545137.713	118.757	31.963	666020.225693	3537650.845389	3.2625
1598545137.813	118.757	31.963	666020.226081	3537650.844636	3.2625
1598545137.814	118.757	31.963	666020.226430	3537650.844435	3.2625
1598545137.913	118.757	31.963	666020.226774	3537650.844392	3.2625
1598545137.913	118.757	31.963	666020.227089	3537650.844469	3.2626
1598545138.013	118.757	31.963	666020.227190	3537650.844384	3.2626
1598545138.013	118.757	31.963	666020.227186	3537650.844311	3.2626
1598545138.113	118.757	31.963	666020.227542	3537650.844687	3.2626
1598545138.113	118.757	31.963	666020.227532	3537650.844937	3.2626
1598545138.213	118.757	31.963	666020.228038	3537650.845291	3.2626
1598545138.213	118.757	31.963	666020.228135	3537650.845310	3.2626
1598545138.313	118.757	31.963	666020.227979	3537650.845084	3.2627
1598545138.313	118.757	31.963	666020.227870	3537650.844715	3.2627
1598545138.413	118.757	31.963	666020.227764	3537650.844615	3.2627
1598545138.413	118.757	31.963	666020.227991	3537650.844754	3.2627
1598545138.513	118.757	31.963	666020.228239	3537650.844664	3.2627
1598545138.513	118.757	31.963	666020.228480	3537650.844384	3.2627
1598545138.613	118.757	31.963	666020.228639	3537650.844092	3.2627
1598545138.613	118.757	31.963	666020.229346	3537650.843265	3.2627
1598545138.713	118.757	31.963	666020.229368	3537650.843465	3.2627
1598545138.713	118.757	31.963	666020.229909	3537650.843421	3.2627
1598545138.813	118.757	31.963	666020.230161	3537650.843903	3.2627
1598545138.813	118.757	31.963	666020.230312	3537650.844113	3.2627
1598545138.913	118.757	31.963	666020.230456	3537650.844099	3.2627
1598545138.913	118.757	31.963	666020.230568	3537650.844384	3.2627
1598545139.013	118.757	31.963	666020.230487	3537650.844177	3.2627
1598545139.013	118.757	31.963	666020.230543	3537650.843891	3.2627
1598545139.113	118.757	31.963	666020.230467	3537650.843858	3.2627
1598545139.114	118.757	31.963	666020.230468	3537650.844044	3.2628
1598545139.213	118.757	31.963	666020.229536	3537650.843803	3.2628
1598545139.213	118.757	31.963	666020.228833	3537650.843510	3.2628
1598545139.313	118.757	31.963	666020.228472	3537650.843154	3.2628
1598545139.313	118.757	31.963	666020.228578	3537650.842905	3.2628
1598545139.413	118.757	31.963	666020.228457	3537650.842554	3.2628
1598545139.413	118.757	31.963	666020.228325	3537650.842210	3.2628
1598545139.513	118.757	31.963	666020.228009	3537650.842168	3.2628
1598545139.513	118.757	31.963	666020.227726	3537650.841968	3.2628
1598545139.613	118.757	31.963	666020.227597	3537650.842221	3.2628
1598545139.613	118.757	31.963	666020.227457	3537650.842799	3.2629
1598545139.713	118.757	31.963	666020.227424	3537650.843087	3.2629
1598545139.713	118.757	31.963	666020.227467	3537650.843407	3.2629
1598545139.813	118.757	31.963	666020.227393	3537650.843485	3.2629
1598545139.813	118.757	31.963	666020.227325	3537650.843105	3.2629
1598545139.913	118.757	31.963	666020.227474	3537650.843141	3.2629
1598545139.913	118.757	31.963	666020.227708	3537650.843404	3.2629
1598545140.013	118.757	31.963	666020.227929	3537650.843252	3.2629
1598545140.013	118.757	31.963	666020.228131	3537650.843066	3.2629
1598545140.113	118.757	31.963	666020.228379	3537650.843215	3.2629
1598545140.113	118.757	31.963	666020.228334	3537650.843339	3.2629
1598545140.213	118.757	31.963	666020.228681	3537650.843549	3.2629
1598545140.213	118.757	31.963	666020.228654	3537650.843838	3.2629
1598545140.313	118.757	31.963	666020.228459	3537650.843965	3.2629
1598545140.313	118.757	31.963	666020.228232	3537650.844204	3.2630
1598545140.413	118.757	31.963	666020.228138	3537650.844369	3.2630
1598545140.413	118.757	31.963	666020.227803	3537650.844295	3.2630
1598545140.513	118.757	31.963	666020.227273	3537650.843991	3.2630
1598545140.513	118.757	31.963	666020.226713	3537650.843552	3.2630
1598545140.613	118.757	31.963	666020.226251	3537650.842572	3.2630
1598545140.613	118.757	31.963	666020.227041	3537650.842083	3.2630
1598545140.713	118.757	31.963	666020.226437	3537650.840126	3.2630
1598545140.713	118.757	31.963	666020.226530	3537650.838672	3.2630
1598545140.813	118.757	31.963	666020.226456	3537650.836479	3.2630
1598545140.813	118.757	31.963	666020.226592	3537650.833680	3.2630
1598545140.913	118.757	31.963	666020.226495	3537650.830206	3.2630
1598545140.913	118.757	31.963	666020.226413	3537650.826121	3.2630
1598545141.013	118.757	31.963	666020.226148	3537650.820876	3.2631
1598545141.013	118.757	31.963	666020.225689	3537650.814875	3.2631
1598545141.113	118.757	31.963	666020.224980	3537650.807449	3.2631
1598545141.113	118.757	31.963	666020.223621	3537650.797493	3.2631
1598545141.213	118.757	31.963	666020.222861	3537650.787382	3.2632
1598545141.213	118.757	31.963	666020.221600	3537650.774979	3.2632
1598545141.313	118.757	31.963	666020.219663	3537650.760340	3.2633
1598545141.313	118.757	31.963	666020.217125	3537650.743850	3.2634
1598545141.413	118.757	31.963	666020.214064	3537650.725112	3.2636
1598545141.413	118.757	31.963	666020.211131	3537650.703706	3.2637
1598545141.513	118.757	31.963	666020.208432	3537650.679532	3.2638
1598545141.513	118.757	31.963	666020.205231	3537650.652300	3.2638
1598545141.613	118.757	31.963	666020.202434	3537650.621872	3.2638
1598545141.613	118.757	31.963	666020.199990	3537650.587723	3.2637
1598545141.713	118.757	31.963	666020.196468	3537650.548906	3.2636
1598545141.713	118.757	31.963	666020.192472	3537650.507386	3.2635
1598545141.813	118.757	31.963	666020.188294	3537650.461435	3.2635
1598545141.813	118.757	31.963	666020.183778	3537650.409556	3.2638
1598545141.913	118.757	31.963	666020.177933	3537650.353459	3.2642
1598545141.913	118.757	31.963	666020.170818	3537650.292262	3.2643
1598545142.013	118.757	31.963	666020.162536	3537650.226759	3.2641
1598545142.013	118.757	31.963	666020.153651	3537650.158292	3.2638
1598545142.113	118.757	31.963	666020.144702	3537650.085592	3.2638
1598545142.113	118.757	31.963	666020.136610	3537650.011307	3.2639
1598545142.213	118.757	31.963	666020.125458	3537649.929775	3.2641
1598545142.213	118.757	31.963	666020.111149	3537649.839903	3.2641
1598545142.313	118.757	31.963	666020.098490	3537649.747082	3.2640
1598545142.313	118.757	31.963	666020.086684	3537649.651727	3.2639
1598545142.413	118.757	31.963	666020.075832	3537649.553590	3.2639
1598545142.413	118.757	31.963	666020.064219	3537649.449403	3.2642
1598545142.513	118.757	31.963	666020.050987	3537649.344118	3.2643
1598545142.513	118.757	31.963	666020.037072	3537649.234765	3.2644
1598545142.613	118.757	31.963	666020.023015	3537649.119838	3.2645
1598545142.613	118.757	31.963	666020.008810	3537649.003106	3.2646
1598545142.713	118.757	31.963	666019.993712	3537648.883239	3.2646
1598545142.713	118.757	31.963	666019.977724	3537648.758119	3.2646
1598545142.813	118.757	31.963	666019.962114	3537648.633029	3.2645
1598545142.813	118.757	31.963	666019.946854	3537648.506274	3.2644
1598545142.913	118.757	31.963	666019.932560	3537648.375724	3.2645
1598545142.913	118.757	31.963	666019.918633	3537648.244129	3.2646
1598545143.013	118.757	31.963	666019.904500	3537648.104647	3.2647
1598545143.013	118.757	31.963	666019.888810	3537647.972402	3.2648
1598545143.113	118.757	31.963	666019.874157	3537647.836801	3.2649
1598545143.113	118.757	31.963	666019.858607	3537647.705165	3.2650
1598545143.213	118.757	31.963	666019.844126	3537647.558336	3.2653
1598545143.213	118.757	31.963	666019.827870	3537647.419971	3.2654
1598545143.313	118.757	31.963	666019.810968	3537647.281910	3.2656
1598545143.313	118.757	31.963	666019.794172	3537647.141055	3.2658
1598545143.413	118.757	31.963	666019.777812	3537647.003305	3.2660
1598545143.413	118.757	31.963	666019.761536	3537646.866044	3.2664
1598545143.513	118.757	31.963	666019.745897	3537646.728808	3.2668
1598545143.513	118.757	31.963	666019.730304	3537646.594317	3.2668
1598545143.613	118.757	31.963	666019.714285	3537646.460727	3.2666
1598545143.613	118.757	31.963	666019.698349	3537646.326724	3.2663
1598545143.713	118.757	31.963	666019.684522	3537646.197527	3.2663
1598545143.713	118.757	31.963	666019.671393	3537646.067447	3.2664
1598545143.813	118.757	31.963	666019.657793	3537645.942025	3.2665
1598545143.813	118.757	31.963	666019.644383	3537645.818806	3.2666
1598545143.913	118.757	31.963	666019.630535	3537645.695807	3.2666
1598545143.913	118.757	31.963	666019.617207	3537645.577864	3.2666
1598545144.013	118.757	31.963	666019.603587	3537645.462977	3.2665
1598545144.013	118.757	31.963	666019.589180	3537645.350034	3.2664
1598545144.113	118.757	31.963	666019.575414	3537645.244078	3.2664
1598545144.113	118.757	31.963	666019.564114	3537645.142653	3.2664
1598545144.213	118.757	31.963	666019.548060	3537645.041745	3.2663
1598545144.213	118.757	31.963	666019.535510	3537644.948251	3.2663
1598545144.313	118.757	31.963	666019.524691	3537644.860348	3.2663
1598545144.313	118.757	31.963	666019.514744	3537644.776192	3.2663
1598545144.413	118.757	31.963	666019.505346	3537644.698215	3.2663
1598545144.413	118.757	31.963	666019.495758	3537644.623831	3.2664
1598545144.513	118.757	31.963	666019.485070	3537644.550240	3.2665
1598545144.513	118.757	31.963	666019.474896	3537644.482348	3.2665
1598545144.613	118.757	31.963	666019.465642	3537644.416723	3.2665
1598545144.613	118.757	31.963	666019.456957	3537644.353175	3.2668
1598545144.713	118.757	31.963	666019.448945	3537644.291475	3.2671
1598545144.713	118.757	31.963	666019.440101	3537644.222332	3.2671
1598545144.813	118.757	31.963	666019.431598	3537644.164412	3.2670
1598545144.813	118.757	31.963	666019.424774	3537644.117526	3.2668
1598545144.913	118.757	31.963	666019.418690	3537644.061511	3.2668
1598545144.913	118.757	31.963	666019.413031	3537644.005249	3.2671
1598545145.013	118.757	31.963	666019.407037	3537643.948865	3.2675
1598545145.013	118.757	31.963	666019.401149	3537643.892820	3.2678
1598545145.113	118.757	31.963	666019.394419	3537643.834297	3.2678
1598545145.113	118.757	31.963	666019.387394	3537643.776940	3.2677
1598545145.213	118.757	31.963	666019.381507	3537643.718557	3.2675
1598545145.213	118.757	31.963	666019.375636	3537643.657828	3.2674
1598545145.313	118.757	31.963	666019.370020	3537643.597326	3.2676
1598545145.313	118.757	31.963	666019.364129	3537643.537141	3.2679
1598545145.413	118.757	31.963	666019.356878	3537643.475981	3.2681
1598545145.413	118.757	31.963	666019.348732	3537643.416147	3.2680
1598545145.513	118.757	31.963	666019.340617	3537643.356630	3.2680
1598545145.513	118.757	31.963	666019.332998	3537643.296292	3.2680
1598545145.613	118.757	31.963	666019.324330	3537643.236592	3.2683
1598545145.613	118.757	31.963	666019.317706	3537643.181588	3.2685
1598545145.713	118.757	31.963	666019.309291	3537643.124990	3.2685
1598545145.713	118.757	31.963	666019.300310	3537643.070031	3.2684
1598545145.813	118.757	31.963	666019.292333	3537643.016217	3.2683
1598545145.813	118.757	31.963	666019.284453	3537642.962497	3.2683
1598545145.913	118.757	31.963	666019.277282	3537642.911781	3.2684
1598545145.913	118.757	31.963	666019.270562	3537642.862231	3.2684
1598545146.013	118.757	31.963	666019.264326	3537642.813753	3.2684
1598545146.013	118.757	31.963	666019.257587	3537642.769345	3.2683
1598545146.113	118.757	31.963	666019.251500	3537642.726935	3.2682
1598545146.113	118.757	31.963	666019.246212	3537642.689202	3.2683
1598545146.213	118.757	31.963	666019.242349	3537642.651796	3.2683
1598545146.213	118.757	31.963	666019.238518	3537642.618276	3.2683
1598545146.313	118.757	31.963	666019.235393	3537642.587774	3.2683
1598545146.313	118.757	31.963	666019.232673	3537642.560259	3.2683
1598545146.413	118.757	31.963	666019.230180	3537642.536805	3.2682
1598545146.413	118.757	31.963	666019.228921	3537642.518717	3.2682
1598545146.513	118.757	31.963	666019.227724	3537642.504318	3.2683
1598545146.513	118.757	31.963	666019.226538	3537642.491807	3.2683
1598545146.613	118.757	31.963	666019.225398	3537642.481994	3.2683
1598545146.613	118.757	31.963	666019.224637	3537642.475830	3.2682
1598545146.713	118.757	31.963	666019.224690	3537642.473438	3.2683
1598545146.713	118.757	31.963	666019.224687	3537642.472858	3.2683
1598545146.813	118.757	31.963	666019.224696	3537642.473095	3.2683
1598545146.813	118.757	31.963	666019.225139	3537642.474751	3.2683
1598545146.913	118.757	31.963	666019.226401	3537642.479685	3.2684
1598545146.913	118.757	31.963	666019.228262	3537642.489814	3.2685
1598545147.013	118.757	31.963	666019.230110	3537642.503100	3.2686
1598545147.013	118.757	31.963	666019.231958	3537642.519288	3.2686
1598545147.113	118.757	31.963	666019.233746	3537642.532239	3.2686
1598545147.113	118.757	31.963	666019.234215	3537642.538211	3.2685
1598545147.213	118.757	31.963	666019.237345	3537642.555096	3.2686
1598545147.213	118.757	31.963	666019.238199	3537642.563746	3.2687
1598545147.313	118.757	31.963	666019.238648	3537642.570887	3.2687
1598545147.313	118.757	31.963	666019.239310	3537642.577386	3.2687
1598545147.413	118.757	31.963	666019.239447	3537642.581760	3.2687
1598545147.413	118.757	31.963	666019.239391	3537642.585289	3.2687
1598545147.513	118.757	31.963	666019.239311	3537642.587372	3.2688
1598545147.513	118.757	31.963	666019.239621	3537642.593216	3.2688
1598545147.613	118.757	31.963	666019.239352	3537642.592918	3.2688
1598545147.613	118.757	31.963	666019.238461	3537642.591752	3.2688
1598545147.713	118.757	31.963	666019.238161	3537642.590189	3.2688
1598545147.713	118.757	31.963	666019.238092	3537642.589118	3.2688
1598545147.813	118.757	31.963	666019.237834	3537642.588184	3.2689
1598545147.813	118.757	31.963	666019.237310	3537642.586558	3.2689
1598545147.913	118.757	31.963	666019.237017	3537642.584796	3.2689
1598545147.913	118.757	31.963	666019.236927	3537642.582855	3.2689
1598545148.013	118.757	31.963	666019.236655	3537642.581343	3.2690
1598545148.013	118.757	31.963	666019.236461	3537642.579962	3.2690
1598545148.113	118.757	31.963	666019.236662	3537642.579237	3.2690
1598545148.113	118.757	31.963	666019.236343	3537642.579460	3.2690
1598545148.213	118.757	31.963	666019.236544	3537642.577849	3.2691
1598545148.213	118.757	31.963	666019.236106	3537642.576787	3.2691
1598545148.313	118.757	31.963	666019.235727	3537642.575626	3.2691
1598545148.313	118.757	31.963	666019.235678	3537642.574775	3.2692
