1598545350.361	118.753	31.954	665720.767182	3536703.403712	3.8165
1598545350.461	118.753	31.954	665720.353991	3536702.864053	3.8172
1598545350.561	118.753	31.954	665719.937133	3536702.324984	3.8178
1598545350.661	118.753	31.954	665719.522183	3536701.790925	3.8184
1598545350.761	118.753	31.954	665719.310827	3536701.517641	3.8185
1598545350.761	118.753	31.954	665719.103681	3536701.250793	3.8189
1598545350.861	118.753	31.954	665718.896576	3536700.984822	3.8192
1598545350.861	118.753	31.954	665718.684755	3536700.713083	3.8196
1598545350.961	118.753	31.954	665718.476873	3536700.447049	3.8199
1598545350.961	118.753	31.954	665718.268320	3536700.180658	3.8201
1598545351.061	118.753	31.954	665718.055582	3536699.908901	3.8204
1598545351.061	118.753	31.954	665717.847446	3536699.642617	3.8207
1598545351.161	118.753	31.954	665717.638827	3536699.376501	3.8209
1598545351.161	118.753	31.954	665717.426187	3536699.106250	3.8211
1598545351.261	118.753	31.954	665717.218754	3536698.842308	3.8212
1598545351.261	118.753	31.954	665717.012550	3536698.579101	3.8213
1598545351.361	118.753	31.954	665716.802399	3536698.311135	3.8213
1598545351.361	118.753	31.954	665716.597853	3536698.048876	3.8212
1598545351.461	118.753	31.954	665716.394819	3536697.787092	3.8211
1598545351.461	118.753	31.954	665716.188145	3536697.518977	3.8212
1598545351.561	118.753	31.954	665715.985681	3536697.257235	3.8212
1598545351.561	118.753	31.954	665715.783094	3536696.996301	3.8212
1598545351.661	118.753	31.954	665715.576661	3536696.730001	3.8209
1598545351.661	118.753	31.954	665715.374349	3536696.469371	3.8207
1598545351.761	118.753	31.954	665715.173270	3536696.208159	3.8206
1598545351.761	118.753	31.954	665714.968412	3536695.941258	3.8206
1598545351.861	118.753	31.954	665714.767469	3536695.679315	3.8206
1598545351.861	118.753	31.954	665714.566027	3536695.418660	3.8205
1598545351.961	118.753	31.954	665714.359468	3536695.153731	3.8202
1598545351.961	118.753	31.954	665714.158308	3536694.893794	3.8200
1598545352.061	118.753	31.954	665713.957958	3536694.634582	3.8197
1598545352.061	118.753	31.954	665713.753401	3536694.370445	3.8195
1598545352.161	118.753	31.954	665713.553150	3536694.112458	3.8194
1598545352.161	118.753	31.954	665713.355954	3536693.852598	3.8194
1598545352.261	118.753	31.954	665713.153769	3536693.588563	3.8194
1598545352.261	118.753	31.954	665712.956272	3536693.331198	3.8193
1598545352.361	118.753	31.954	665712.759365	3536693.074590	3.8190
1598545352.361	118.753	31.954	665712.559637	3536692.812098	3.8188
1598545352.461	118.753	31.954	665712.364101	3536692.554501	3.8186
1598545352.461	118.753	31.954	665712.164366	3536692.292387	3.8184
1598545352.561	118.753	31.954	665711.968673	3536692.036351	3.8182
1598545352.561	118.753	31.954	665711.773606	3536691.780378	3.8181
1598545352.661	118.753	31.954	665711.574110	3536691.520440	3.8181
1598545352.661	118.753	31.954	665711.378220	3536691.266368	3.8180
1598545352.761	118.753	31.954	665711.181474	3536691.012715	3.8178
1598545352.761	118.753	31.954	665710.981724	3536690.753425	3.8177
1598545352.861	118.753	31.954	665710.787557	3536690.500340	3.8175
1598545352.861	118.753	31.954	665710.593605	3536690.248705	3.8173
1598545352.961	118.753	31.954	665710.395676	3536689.992478	3.8172
1598545352.961	118.753	31.954	665710.202293	3536689.742481	3.8171
1598545353.061	118.753	31.954	665710.010170	3536689.492503	3.8170
1598545353.061	118.753	31.954	665709.814261	3536689.237167	3.8170
1598545353.161	118.753	31.954	665709.622137	3536688.987169	3.8171
1598545353.161	118.753	31.954	665709.430026	3536688.739008	3.8171
1598545353.261	118.753	31.954	665709.233217	3536688.486074	3.8170
1598545353.261	118.753	31.954	665709.040510	3536688.238500	3.8170
1598545353.361	118.753	31.954	665708.848844	3536687.990405	3.8171
1598545353.361	118.753	31.954	665708.652512	3536687.737335	3.8172
1598545353.461	118.753	31.954	665708.460742	3536687.489501	3.8172
1598545353.461	118.753	31.954	665708.269703	3536687.242493	3.8172
1598545353.561	118.753	31.954	665708.075554	3536686.990074	3.8174
1598545353.561	118.753	31.954	665707.886898	3536686.743109	3.8176
1598545353.661	118.753	31.954	665707.697876	3536686.497810	3.8177
1598545353.661	118.753	31.954	665707.503902	3536686.248176	3.8178
1598545353.761	118.753	31.954	665707.316097	3536686.005886	3.8178
1598545353.761	118.753	31.954	665707.128806	3536685.762059	3.8178
1598545353.861	118.753	31.954	665706.939049	3536685.514721	3.8178
1598545353.861	118.753	31.954	665706.753162	3536685.274263	3.8178
1598545353.961	118.753	31.954	665706.568072	3536685.035587	3.8178
1598545353.961	118.753	31.954	665706.380213	3536684.790863	3.8177
1598545354.061	118.753	31.954	665706.197658	3536684.554720	3.8175
1598545354.061	118.753	31.954	665706.016423	3536684.319616	3.8173
1598545354.161	118.753	31.954	665705.832214	3536684.081682	3.8171
1598545354.161	118.753	31.954	665705.650697	3536683.850966	3.8167
1598545354.261	118.753	31.954	665705.471485	3536683.621339	3.8164
1598545354.261	118.753	31.954	665705.290857	3536683.387406	3.8162
1598545354.361	118.753	31.954	665705.113682	3536683.160791	3.8160
1598545354.361	118.753	31.954	665704.938232	3536682.936753	3.8158
1598545354.461	118.753	31.954	665704.759666	3536682.709696	3.8155
1598545354.461	118.753	31.954	665704.585024	3536682.488898	3.8153
1598545354.561	118.753	31.954	665704.412099	3536682.268854	3.8152
1598545354.561	118.753	31.954	665704.238109	3536682.045584	3.8152
1598545354.661	118.753	31.954	665704.069557	3536681.828387	3.8155
1598545354.661	118.753	31.954	665703.902861	3536681.612602	3.8156
1598545354.761	118.753	31.954	665703.733925	3536681.394499	3.8157
1598545354.761	118.753	31.954	665703.569676	3536681.182447	3.8157
1598545354.861	118.753	31.954	665703.406729	3536680.971349	3.8157
1598545354.861	118.753	31.954	665703.240546	3536680.756876	3.8158
1598545354.961	118.753	31.954	665703.079489	3536680.547987	3.8160
1598545354.961	118.753	31.954	665702.917452	3536680.337251	3.8161
1598545355.061	118.753	31.954	665702.759857	3536680.132881	3.8161
1598545355.061	118.753	31.954	665702.603584	3536679.931059	3.8161
1598545355.161	118.753	31.954	665702.447356	3536679.728582	3.8161
1598545355.161	118.753	31.954	665702.295568	3536679.530293	3.8162
1598545355.261	118.753	31.954	665702.144803	3536679.334177	3.8163
1598545355.261	118.753	31.954	665701.994073	3536679.137653	3.8162
1598545355.361	118.753	31.954	665701.848720	3536678.947405	3.8163
1598545355.361	118.753	31.954	665701.705699	3536678.758321	3.8163
1598545355.461	118.753	31.954	665701.562333	3536678.567826	3.8165
1598545355.461	118.753	31.954	665701.424621	3536678.384757	3.8166
1598545355.561	118.753	31.954	665701.289310	3536678.204649	3.8166
1598545355.561	118.753	31.954	665701.150939	3536678.022412	3.8167
1598545355.661	118.753	31.954	665701.017318	3536677.845522	3.8168
1598545355.661	118.753	31.954	665700.885962	3536677.671335	3.8169
1598545355.761	118.753	31.954	665700.753636	3536677.497619	3.8170
1598545355.761	118.753	31.954	665700.625975	3536677.331706	3.8169
1598545355.861	118.753	31.954	665700.500183	3536677.169506	3.8168
1598545355.861	118.753	31.954	665700.375385	3536677.005371	3.8168
1598545355.961	118.753	31.954	665700.255185	3536676.847308	3.8168
1598545355.961	118.753	31.954	665700.135957	3536676.692340	3.8169
1598545356.061	118.753	31.954	665700.015361	3536676.538591	3.8170
1598545356.061	118.753	31.954	665699.899525	3536676.390367	3.8170
1598545356.161	118.753	31.954	665699.786737	3536676.243480	3.8169
1598545356.161	118.753	31.954	665699.672475	3536676.100112	3.8169
1598545356.261	118.753	31.954	665699.563850	3536675.961222	3.8169
1598545356.261	118.753	31.954	665699.457519	3536675.824403	3.8169
1598545356.361	118.753	31.954	665699.351931	3536675.687627	3.8170
1598545356.361	118.753	31.954	665699.250167	3536675.555776	3.8172
1598545356.461	118.753	31.954	665699.150134	3536675.427473	3.8172
1598545356.461	118.753	31.954	665699.050277	3536675.300100	3.8171
1598545356.561	118.753	31.954	665698.954591	3536675.178303	3.8171
1598545356.561	118.753	31.954	665698.862133	3536675.058825	3.8172
1598545356.661	118.753	31.954	665698.769211	3536674.939960	3.8173
1598545356.661	118.753	31.954	665698.680533	3536674.824226	3.8173
1598545356.761	118.753	31.954	665698.595078	3536674.710697	3.8173
1598545356.761	118.753	31.954	665698.510176	3536674.596739	3.8174
1598545356.861	118.753	31.954	665698.428161	3536674.487629	3.8174
1598545356.861	118.753	31.954	665698.346753	3536674.380066	3.8173
1598545356.961	118.753	31.954	665698.265414	3536674.272750	3.8172
1598545356.961	118.753	31.954	665698.187026	3536674.169881	3.8170
1598545357.061	118.753	31.954	665698.110140	3536674.067780	3.8168
1598545357.061	118.753	31.954	665698.030568	3536673.963899	3.8167
1598545357.161	118.753	31.954	665697.954353	3536673.864445	3.8166
1598545357.161	118.753	31.954	665697.877761	3536673.764967	3.8166
1598545357.261	118.753	31.954	665697.801958	3536673.665669	3.8167
1598545357.261	118.753	31.954	665697.728800	3536673.569741	3.8166
1598545357.361	118.753	31.954	665697.656645	3536673.475986	3.8165
1598545357.361	118.753	31.954	665697.584621	3536673.380957	3.8165
1598545357.461	118.753	31.954	665697.516130	3536673.289402	3.8165
1598545357.461	118.753	31.954	665697.447007	3536673.197715	3.8166
1598545357.561	118.753	31.954	665697.380236	3536673.110211	3.8166
1598545357.561	118.753	31.954	665697.314004	3536673.024423	3.8165
1598545357.661	118.753	31.954	665697.248240	3536672.937787	3.8163
1598545357.661	118.753	31.954	665697.185923	3536672.853279	3.8161
1598545357.761	118.753	31.954	665697.125599	3536672.770109	3.8161
1598545357.761	118.753	31.954	665697.064249	3536672.687835	3.8163
1598545357.861	118.753	31.954	665697.004507	3536672.608860	3.8164
1598545357.861	118.753	31.954	665696.945600	3536672.532021	3.8163
1598545357.961	118.753	31.954	665696.886621	3536672.455722	3.8161
1598545357.961	118.753	31.954	665696.829890	3536672.381716	3.8160
1598545358.061	118.753	31.954	665696.774723	3536672.309436	3.8160
1598545358.061	118.753	31.954	665696.720268	3536672.237925	3.8161
1598545358.161	118.753	31.954	665696.667612	3536672.168806	3.8162
1598545358.161	118.753	31.954	665696.617480	3536672.105609	3.8162
1598545358.261	118.753	31.954	665696.566291	3536672.041744	3.8162
1598545358.261	118.753	31.954	665696.517257	3536671.979954	3.8162
1598545358.361	118.753	31.954	665696.469903	3536671.919820	3.8163
1598545358.361	118.753	31.954	665696.422515	3536671.858678	3.8163
1598545358.461	118.753	31.954	665696.377024	3536671.799450	3.8164
1598545358.461	118.753	31.954	665696.331154	3536671.739720	3.8164
1598545358.561	118.753	31.954	665696.285096	3536671.679369	3.8165
1598545358.561	118.753	31.954	665696.240931	3536671.620748	3.8165
1598545358.661	118.753	31.954	665696.196529	3536671.562353	3.8166
1598545358.661	118.753	31.954	665696.151024	3536671.503065	3.8167
1598545358.761	118.753	31.954	665696.106691	3536671.445170	3.8168
1598545358.761	118.753	31.954	665696.062335	3536671.387856	3.8168
1598545358.861	118.753	31.954	665696.016139	3536671.329890	3.8168
1598545358.861	118.753	31.954	665695.972003	3536671.272684	3.8169
1598545358.961	118.753	31.954	665695.928590	3536671.215978	3.8170
1598545358.961	118.753	31.954	665695.884510	3536671.158535	3.8171
1598545359.061	118.753	31.954	665695.841497	3536671.102357	3.8172
1598545359.061	118.753	31.954	665695.799136	3536671.046245	3.8173
1598545359.161	118.753	31.954	665695.758406	3536670.993746	3.8174
1598545359.161	118.753	31.954	665695.714280	3536670.935679	3.8174
1598545359.261	118.753	31.954	665695.674177	3536670.884582	3.8174
1598545359.261	118.753	31.954	665695.633510	3536670.832134	3.8174
1598545359.361	118.753	31.954	665695.594759	3536670.781590	3.8175
1598545359.361	118.753	31.954	665695.557168	3536670.732361	3.8177
1598545359.461	118.753	31.954	665695.519788	3536670.682694	3.8179
1598545359.461	118.753	31.954	665695.484769	3536670.636310	3.8179
1598545359.561	118.753	31.954	665695.450825	3536670.591833	3.8178
1598545359.561	118.753	31.954	665695.417387	3536670.547942	3.8178
1598545359.661	118.753	31.954	665695.385708	3536670.506061	3.8177
1598545359.661	118.753	31.954	665695.355936	3536670.466096	3.8178
1598545359.761	118.753	31.954	665695.326816	3536670.427388	3.8179
1598545359.761	118.753	31.954	665695.299524	3536670.391580	3.8180
1598545359.861	118.753	31.954	665695.273022	3536670.357636	3.8180
1598545359.861	118.753	31.954	665695.246872	3536670.324176	3.8179
1598545359.961	118.753	31.954	665695.222689	3536670.292954	3.8178
1598545359.961	118.753	31.954	665695.200128	3536670.262598	3.8178
1598545360.061	118.753	31.954	665695.179467	3536670.234435	3.8179
1598545360.061	118.753	31.954	665695.158638	3536670.207144	3.8180
1598545360.161	118.753	31.954	665695.138051	3536670.180482	3.8179
1598545360.161	118.753	31.954	665695.118456	3536670.155897	3.8178
1598545360.261	118.753	31.954	665695.100252	3536670.133024	3.8178
1598545360.261	118.753	31.954	665695.082380	3536670.110442	3.8178
1598545360.361	118.753	31.954	665695.065917	3536670.089879	3.8179
1598545360.361	118.753	31.954	665695.050449	3536670.070269	3.8179
1598545360.461	118.753	31.954	665695.034880	3536670.051268	3.8180
1598545360.461	118.753	31.954	665695.020168	3536670.033079	3.8179
1598545360.561	118.753	31.954	665695.006326	3536670.015791	3.8179
1598545360.561	118.753	31.954	665694.992648	3536669.998545	3.8179
1598545360.661	118.753	31.954	665694.979771	3536669.982391	3.8179
1598545360.661	118.753	31.954	665694.967041	3536669.966547	3.8178
1598545360.761	118.753	31.954	665694.954670	3536669.951036	3.8178
1598545360.761	118.753	31.954	665694.942669	3536669.935961	3.8177
1598545360.861	118.753	31.954	665694.930899	3536669.921499	3.8177
1598545360.861	118.753	31.954	665694.919381	3536669.906477	3.8176
1598545360.961	118.753	31.954	665694.908709	3536669.892085	3.8176
1598545360.961	118.753	31.954	665694.897915	3536669.877789	3.8176
1598545361.061	118.753	31.954	665694.886917	3536669.863155	3.8175
1598545361.061	118.753	31.954	665694.875908	3536669.848010	3.8175
1598545361.161	118.753	31.954	665694.864198	3536669.833816	3.8174
1598545361.161	118.753	31.954	665694.853834	3536669.817648	3.8174
1598545361.261	118.753	31.954	665694.843307	3536669.803256	3.8173
1598545361.261	118.753	31.954	665694.832061	3536669.788420	3.8173
1598545361.361	118.753	31.954	665694.820161	3536669.773151	3.8173
1598545361.361	118.753	31.954	665694.808133	3536669.757137	3.8173
1598545361.461	118.753	31.954	665694.795840	3536669.740223	3.8172
1598545361.461	118.753	31.954	665694.783468	3536669.722773	3.8171
1598545361.561	118.753	31.954	665694.771397	3536669.705546	3.8171
1598545361.561	118.753	31.954	665694.758930	3536669.688299	3.8170
1598545361.661	118.753	31.954	665694.745702	3536669.670312	3.8170
1598545361.661	118.753	31.954	665694.732087	3536669.652897	3.8170
1598545361.761	118.753	31.954	665694.718264	3536669.635268	3.8169
1598545361.761	118.753	31.954	665694.704361	3536669.617232	3.8169
1598545361.861	118.753	31.954	665694.690759	3536669.599081	3.8168
1598545361.861	118.753	31.954	665694.677130	3536669.581034	3.8167
1598545361.961	118.753	31.954	665694.662970	3536669.562621	3.8166
1598545361.961	118.753	31.954	665694.649254	3536669.544389	3.8166
1598545362.061	118.753	31.954	665694.635103	3536669.526547	3.8165
1598545362.061	118.753	31.954	665694.620733	3536669.508145	3.8164
1598545362.161	118.753	31.954	665694.606112	3536669.490389	3.8164
1598545362.161	118.753	31.954	665694.591778	3536669.471411	3.8163
1598545362.261	118.753	31.954	665694.578073	3536669.452160	3.8163
1598545362.261	118.753	31.954	665694.563617	3536669.433413	3.8162
1598545362.361	118.753	31.954	665694.548766	3536669.414317	3.8161
1598545362.361	118.753	31.954	665694.533890	3536669.394861	3.8161
1598545362.461	118.753	31.954	665694.518815	3536669.374195	3.8161
1598545362.461	118.753	31.954	665694.502319	3536669.352373	3.8161
1598545362.561	118.753	31.954	665694.485517	3536669.330440	3.8160
1598545362.561	118.753	31.954	665694.468631	3536669.307687	3.8160
1598545362.661	118.753	31.954	665694.450716	3536669.283495	3.8159
1598545362.661	118.753	31.954	665694.432526	3536669.259404	3.8158
1598545362.761	118.753	31.954	665694.413975	3536669.233139	3.8158
1598545362.761	118.753	31.954	665694.394168	3536669.208452	3.8157
1598545362.861	118.753	31.954	665694.374874	3536669.182474	3.8156
1598545362.861	118.753	31.954	665694.354745	3536669.156163	3.8156
1598545362.961	118.753	31.954	665694.333559	3536669.128826	3.8156
1598545362.961	118.753	31.954	665694.312287	3536669.101711	3.8155
1598545363.061	118.753	31.954	665694.290891	3536669.073759	3.8154
1598545363.061	118.753	31.954	665694.269462	3536669.044425	3.8153
1598545363.161	118.753	31.954	665694.248612	3536669.018405	3.8153
1598545363.161	118.753	31.954	665694.225937	3536668.985221	3.8154
1598545363.261	118.753	31.954	665694.203862	3536668.955287	3.8153
1598545363.261	118.753	31.954	665694.183687	3536668.927799	3.8152
1598545363.361	118.753	31.954	665694.163113	3536668.899479	3.8152
1598545363.361	118.753	31.954	665694.142080	3536668.871018	3.8151
1598545363.461	118.753	31.954	665694.120612	3536668.843138	3.8151
1598545363.461	118.753	31.954	665694.098880	3536668.815553	3.8150
1598545363.561	118.753	31.954	665694.076708	3536668.787567	3.8149
1598545363.561	118.753	31.954	665694.056593	3536668.760858	3.8149
1598545363.661	118.753	31.954	665694.037522	3536668.734657	3.8148
1598545363.661	118.753	31.954	665694.018086	3536668.708567	3.8148
1598545363.761	118.753	31.954	665693.999382	3536668.683665	3.8147
1598545363.761	118.753	31.954	665693.981841	3536668.659407	3.8146
1598545363.861	118.753	31.954	665693.964985	3536668.634834	3.8145
1598545363.861	118.753	31.954	665693.948482	3536668.610539	3.8145
1598545363.961	118.753	31.954	665693.932521	3536668.586616	3.8145
1598545363.961	118.753	31.954	665693.915855	3536668.562519	3.8145
1598545364.061	118.753	31.954	665693.899668	3536668.538796	3.8145
1598545364.061	118.753	31.954	665693.883464	3536668.515387	3.8144
1598545364.161	118.753	31.954	665693.865780	3536668.491653	3.8144
1598545364.161	118.753	31.954	665693.849894	3536668.468503	3.8143
1598545364.261	118.753	31.954	665693.833991	3536668.445714	3.8142
1598545364.261	118.753	31.954	665693.819094	3536668.424465	3.8142
1598545364.361	118.753	31.954	665693.804459	3536668.403725	3.8142
1598545364.361	118.753	31.954	665693.789996	3536668.384046	3.8142
1598545364.461	118.753	31.954	665693.775910	3536668.364656	3.8141
1598545364.461	118.753	31.954	665693.763063	3536668.347410	3.8141
1598545364.561	118.753	31.954	665693.750463	3536668.330595	3.8141
1598545364.561	118.753	31.954	665693.738404	3536668.315146	3.8141
1598545364.661	118.753	31.954	665693.726674	3536668.300650	3.8141
1598545364.661	118.753	31.954	665693.716834	3536668.288469	3.8140
1598545364.761	118.753	31.954	665693.708668	3536668.278063	3.8139
1598545364.761	118.753	31.954	665693.701909	3536668.270404	3.8139
1598545364.861	118.753	31.954	665693.696165	3536668.264862	3.8140
1598545364.861	118.753	31.954	665693.691523	3536668.260307	3.8140
1598545364.961	118.753	31.954	665693.688749	3536668.257796	3.8140
1598545364.961	118.753	31.954	665693.686347	3536668.255538	3.8139
1598545365.061	118.753	31.954	665693.685118	3536668.254422	3.8139
1598545365.061	118.753	31.954	665693.683123	3536668.251756	3.8138
1598545365.161	118.753	31.954	665693.677928	3536668.246489	3.8139
1598545365.161	118.753	31.954	665693.679076	3536668.246149	3.8139
1598545365.261	118.753	31.954	665693.677352	3536668.242694	3.8138
1598545365.261	118.753	31.954	665693.675296	3536668.238627	3.8137
1598545365.361	118.753	31.954	665693.672509	3536668.233603	3.8137
1598545365.361	118.753	31.954	665693.668880	3536668.227938	3.8137
1598545365.461	118.753	31.954	665693.664569	3536668.221194	3.8136
1598545365.461	118.753	31.954	665693.659521	3536668.213584	3.8135
1598545365.561	118.753	31.954	665693.654075	3536668.205517	3.8134
1598545365.561	118.753	31.954	665693.648320	3536668.196891	3.8132
1598545365.661	118.753	31.954	665693.641956	3536668.187228	3.8131
1598545365.661	118.753	31.954	665693.635250	3536668.177662	3.8130
1598545365.761	118.753	31.954	665693.628080	3536668.167720	3.8130
1598545365.761	118.753	31.954	665693.620797	3536668.157653	3.8129
1598545365.861	118.753	31.954	665693.613257	3536668.146621	3.8128
1598545365.861	118.753	31.954	665693.605570	3536668.135561	3.8126
1598545365.961	118.753	31.954	665693.597824	3536668.124584	3.8126
1598545365.961	118.753	31.954	665693.589809	3536668.113045	3.8125
1598545366.061	118.753	31.954	665693.581297	3536668.101061	3.8125
1598545366.061	118.753	31.954	665693.572790	3536668.089608	3.8124
1598545366.161	118.753	31.954	665693.565237	3536668.080338	3.8124
1598545366.161	118.753	31.954	665693.555810	3536668.066663	3.8122
1598545366.261	118.753	31.954	665693.547925	3536668.056139	3.8122
1598545366.261	118.753	31.954	665693.540037	3536668.046019	3.8121
1598545366.361	118.753	31.954	665693.532648	3536668.036477	3.8120
1598545366.361	118.753	31.954	665693.526150	3536668.027388	3.8119
1598545366.461	118.753	31.954	665693.519725	3536668.019133	3.8119
1598545366.461	118.753	31.954	665693.514305	3536668.012300	3.8118
1598545366.561	118.753	31.954	665693.509471	3536668.006161	3.8117
1598545366.561	118.753	31.954	665693.505767	3536668.001358	3.8116
1598545366.661	118.753	31.954	665693.502401	3536667.997543	3.8115
1598545366.661	118.753	31.954	665693.500025	3536667.994927	3.8114
1598545366.761	118.753	31.954	665693.498011	3536667.992812	3.8113
1598545366.761	118.753	31.954	665693.496834	3536667.991373	3.8112
1598545366.861	118.753	31.954	665693.496829	3536667.991367	3.8111
1598545366.861	118.753	31.954	665693.497980	3536667.993180	3.8110
1598545366.961	118.753	31.954	665693.500639	3536667.997067	3.8110
1598545366.961	118.753	31.954	665693.503609	3536668.000928	3.8110
1598545367.061	118.753	31.954	665693.506856	3536668.005410	3.8109
1598545367.061	118.753	31.954	665693.509056	3536668.007899	3.8108
1598545367.161	118.753	31.954	665693.509490	3536668.009607	3.8108
1598545367.161	118.753	31.954	665693.513378	3536668.011677	3.8107
1598545367.261	118.753	31.954	665693.515405	3536668.013131	3.8106
1598545367.261	118.753	31.954	665693.517181	3536668.014230	3.8106
1598545367.360	118.753	31.954	665693.518341	3536668.014869	3.8105
1598545367.361	118.753	31.954	665693.519372	3536668.015655	3.8105
1598545367.461	118.753	31.954	665693.519904	3536668.015834	3.8104
1598545367.461	118.753	31.954	665693.520117	3536668.015902	3.8104
1598545367.561	118.753	31.954	665693.520852	3536668.017576	3.8104
1598545367.561	118.753	31.954	665693.520853	3536668.017573	3.8103
1598545367.661	118.753	31.954	665693.520714	3536668.017421	3.8103
1598545367.661	118.753	31.954	665693.520286	3536668.016861	3.8102
1598545367.761	118.753	31.954	665693.519692	3536668.016321	3.8102
1598545367.761	118.753	31.954	665693.519116	3536668.016115	3.8101
1598545367.861	118.753	31.954	665693.518448	3536668.015633	3.8101
1598545367.861	118.753	31.954	665693.518224	3536668.015173	3.8100
1598545367.961	118.753	31.954	665693.517994	3536668.014680	3.8099
1598545367.961	118.753	31.954	665693.517587	3536668.013827	3.8099
1598545368.061	118.753	31.954	665693.517475	3536668.013411	3.8098
1598545368.061	118.753	31.954	665693.517070	3536668.013265	3.8097
1598545368.161	118.753	31.954	665693.516748	3536668.013984	3.8097
1598545368.161	118.753	31.954	665693.516567	3536668.012659	3.8096
1598545368.261	118.753	31.954	665693.516035	3536668.012495	3.8096
1598545368.261	118.753	31.954	665693.515631	3536668.012366	3.8095
1598545368.361	118.753	31.954	665693.515265	3536668.012218	3.8095
1598545368.361	118.753	31.954	665693.514764	3536668.012228	3.8094
1598545368.461	118.753	31.954	665693.514293	3536668.012656	3.8094
1598545368.461	118.753	31.954	665693.513967	3536668.012858	3.8093
1598545368.560	118.753	31.954	665693.513626	3536668.012946	3.8093
1598545368.561	118.753	31.954	665693.512993	3536668.013057	3.8093
1598545368.661	118.753	31.954	665693.512591	3536668.012908	3.8093
1598545368.661	118.753	31.954	665693.512371	3536668.013103	3.8092
1598545368.761	118.753	31.954	665693.512169	3536668.013470	3.8092
1598545368.761	118.753	31.954	665693.511850	3536668.013298	3.8092
1598545368.861	118.753	31.954	665693.511388	3536668.012701	3.8091
1598545368.861	118.753	31.954	665693.511064	3536668.012110	3.8091
