1598543751.111	118.753	31.953	665640.575445	3536583.118101	0.6664
1598543751.212	118.753	31.953	665640.823399	3536583.455202	0.6653
1598543751.311	118.753	31.953	665641.064546	3536583.789093	0.6647
1598543751.411	118.753	31.953	665641.307849	3536584.125836	0.6645
1598543751.511	118.753	31.953	665641.428101	3536584.292311	0.6645
1598543751.511	118.753	31.953	665641.550668	3536584.461664	0.6644
1598543751.611	118.753	31.953	665641.670970	3536584.626866	0.6643
1598543751.611	118.753	31.953	665641.792128	3536584.791649	0.6642
1598543751.711	118.753	31.953	665641.915818	3536584.959124	0.6642
1598543751.711	118.753	31.953	665642.037458	3536585.122537	0.6643
1598543751.811	118.753	31.953	665642.158444	3536585.286612	0.6644
1598543751.811	118.753	31.953	665642.283392	3536585.451078	0.6645
1598543751.911	118.753	31.953	665642.402734	3536585.614873	0.6646
1598543751.911	118.753	31.953	665642.523850	3536585.776539	0.6647
1598543752.011	118.753	31.953	665642.646977	3536585.941528	0.6648
1598543752.011	118.753	31.953	665642.766467	3536586.103072	0.6649
1598543752.111	118.753	31.953	665642.885141	3536586.265549	0.6649
1598543752.111	118.753	31.953	665643.006754	3536586.429856	0.6648
1598543752.211	118.753	31.953	665643.125034	3536586.591513	0.6645
1598543752.212	118.753	31.953	665643.247654	3536586.753297	0.6640
1598543752.311	118.753	31.953	665643.367216	3536586.912980	0.6635
1598543752.311	118.753	31.953	665643.485733	3536587.073302	0.6630
1598543752.411	118.753	31.953	665643.606369	3536587.236814	0.6626
1598543752.411	118.753	31.953	665643.725494	3536587.395554	0.6622
1598543752.511	118.753	31.953	665643.843358	3536587.554516	0.6618
1598543752.511	118.753	31.953	665643.962358	3536587.717358	0.6615
1598543752.611	118.753	31.953	665644.080141	3536587.876180	0.6611
1598543752.611	118.753	31.953	665644.196991	3536588.035123	0.6609
1598543752.711	118.753	31.953	665644.315110	3536588.197615	0.6607
1598543752.711	118.753	31.953	665644.429957	3536588.356820	0.6606
1598543752.811	118.753	31.953	665644.544643	3536588.516094	0.6606
1598543752.811	118.753	31.953	665644.662217	3536588.678978	0.6607
1598543752.911	118.753	31.953	665644.779155	3536588.837779	0.6608
1598543752.911	118.753	31.953	665644.896385	3536588.995700	0.6608
1598543753.011	118.753	31.953	665645.015690	3536589.155984	0.6607
1598543753.011	118.753	31.953	665645.131755	3536589.313733	0.6606
1598543753.111	118.753	31.953	665645.248519	3536589.471457	0.6607
1598543753.111	118.753	31.953	665645.367423	3536589.631892	0.6609
1598543753.211	118.753	31.953	665645.482060	3536589.789275	0.6610
1598543753.212	118.753	31.953	665645.603213	3536589.946317	0.6612
1598543753.311	118.753	31.953	665645.719154	3536590.100898	0.6612
1598543753.311	118.753	31.953	665645.833945	3536590.256805	0.6612
1598543753.411	118.753	31.953	665645.953022	3536590.413096	0.6613
1598543753.411	118.753	31.953	665646.067579	3536590.566209	0.6615
1598543753.511	118.753	31.953	665646.180674	3536590.719457	0.6616
1598543753.511	118.753	31.953	665646.296726	3536590.876996	0.6617
1598543753.611	118.753	31.953	665646.409319	3536591.027777	0.6617
1598543753.611	118.753	31.953	665646.521282	3536591.179850	0.6617
1598543753.711	118.753	31.953	665646.635716	3536591.335017	0.6619
1598543753.711	118.753	31.953	665646.748177	3536591.487939	0.6620
1598543753.811	118.753	31.953	665646.858490	3536591.637969	0.6621
1598543753.811	118.753	31.953	665646.972665	3536591.791131	0.6621
1598543753.911	118.753	31.953	665647.086060	3536591.941542	0.6622
1598543753.911	118.753	31.953	665647.199919	3536592.092033	0.6622
1598543754.011	118.753	31.953	665647.315028	3536592.246161	0.6622
1598543754.011	118.753	31.953	665647.427077	3536592.397043	0.6623
1598543754.111	118.753	31.953	665647.539402	3536592.548122	0.6623
1598543754.111	118.753	31.953	665647.653729	3536592.702372	0.6624
1598543754.211	118.753	31.953	665647.765397	3536592.853429	0.6626
1598543754.211	118.753	31.953	665647.877490	3536593.007256	0.6628
1598543754.311	118.753	31.953	665647.987160	3536593.157952	0.6627
1598543754.311	118.753	31.953	665648.097492	3536593.308254	0.6625
1598543754.411	118.753	31.953	665648.210714	3536593.462754	0.6624
1598543754.411	118.753	31.953	665648.321022	3536593.613602	0.6625
1598543754.511	118.753	31.953	665648.431706	3536593.764185	0.6627
1598543754.511	118.753	31.953	665648.543478	3536593.917619	0.6628
1598543754.611	118.753	31.953	665648.656206	3536594.066056	0.6627
1598543754.611	118.753	31.953	665648.766977	3536594.215481	0.6625
1598543754.712	118.753	31.953	665648.879115	3536594.367919	0.6625
1598543754.712	118.753	31.953	665648.988495	3536594.517491	0.6626
1598543754.811	118.753	31.953	665649.100430	3536594.665611	0.6626
1598543754.811	118.753	31.953	665649.214468	3536594.817067	0.6626
1598543754.911	118.753	31.953	665649.325374	3536594.964669	0.6626
1598543754.911	118.753	31.953	665649.435392	3536595.112300	0.6626
1598543755.011	118.753	31.953	665649.547599	3536595.263538	0.6626
1598543755.011	118.753	31.953	665649.657740	3536595.412550	0.6627
1598543755.111	118.753	31.953	665649.768480	3536595.562299	0.6627
1598543755.111	118.753	31.953	665649.881427	3536595.715007	0.6627
1598543755.211	118.753	31.953	665649.992261	3536595.865178	0.6627
1598543755.212	118.753	31.953	665650.106008	3536596.017951	0.6628
1598543755.311	118.753	31.953	665650.218656	3536596.168110	0.6630
1598543755.311	118.753	31.953	665650.331687	3536596.318322	0.6632
1598543755.411	118.753	31.953	665650.450808	3536596.469819	0.6634
1598543755.411	118.753	31.953	665650.563446	3536596.620930	0.6636
1598543755.511	118.753	31.953	665650.678716	3536596.771887	0.6637
1598543755.511	118.753	31.953	665650.794383	3536596.926768	0.6640
1598543755.611	118.753	31.953	665650.912544	3536597.077252	0.6643
1598543755.611	118.753	31.953	665651.028317	3536597.227301	0.6647
1598543755.711	118.753	31.953	665651.146013	3536597.380974	0.6649
1598543755.711	118.753	31.953	665651.261494	3536597.533276	0.6653
1598543755.811	118.753	31.953	665651.376801	3536597.684319	0.6655
1598543755.811	118.753	31.953	665651.494662	3536597.841101	0.6659
1598543755.911	118.753	31.953	665651.610835	3536597.995859	0.6664
1598543755.911	118.753	31.953	665651.727628	3536598.149391	0.6668
1598543756.011	118.753	31.953	665651.843748	3536598.308537	0.6672
1598543756.011	118.753	31.953	665651.959580	3536598.463603	0.6676
1598543756.111	118.753	31.953	665652.077150	3536598.619021	0.6681
1598543756.111	118.753	31.953	665652.196437	3536598.777762	0.6685
1598543756.211	118.753	31.953	665652.313454	3536598.933573	0.6690
1598543756.211	118.753	31.953	665652.435513	3536599.093325	0.6695
1598543756.311	118.753	31.953	665652.553398	3536599.248884	0.6699
1598543756.311	118.753	31.953	665652.672045	3536599.402879	0.6702
1598543756.411	118.753	31.953	665652.793874	3536599.560835	0.6707
1598543756.411	118.753	31.953	665652.911905	3536599.716735	0.6713
1598543756.511	118.753	31.953	665653.030490	3536599.871839	0.6717
1598543756.511	118.753	31.953	665653.151502	3536600.030192	0.6721
1598543756.611	118.753	31.953	665653.269438	3536600.186746	0.6724
1598543756.611	118.753	31.953	665653.387403	3536600.343291	0.6729
1598543756.711	118.753	31.953	665653.507482	3536600.503804	0.6734
1598543756.711	118.753	31.953	665653.625467	3536600.661424	0.6739
1598543756.811	118.753	31.953	665653.743415	3536600.818702	0.6744
1598543756.811	118.753	31.953	665653.864289	3536600.978304	0.6747
1598543756.911	118.753	31.953	665653.982928	3536601.133973	0.6751
1598543756.911	118.753	31.953	665654.101527	3536601.289989	0.6755
1598543757.011	118.753	31.953	665654.222128	3536601.449086	0.6758
1598543757.011	118.753	31.953	665654.340107	3536601.604051	0.6761
1598543757.111	118.753	31.953	665654.457852	3536601.758905	0.6763
1598543757.111	118.753	31.953	665654.577888	3536601.916294	0.6765
1598543757.211	118.753	31.953	665654.695500	3536602.071092	0.6766
1598543757.211	118.753	31.953	665654.813226	3536602.224351	0.6767
1598543757.311	118.753	31.953	665654.934041	3536602.380469	0.6770
1598543757.311	118.753	31.953	665655.052370	3536602.533107	0.6771
1598543757.411	118.753	31.953	665655.172771	3536602.688278	0.6771
1598543757.411	118.753	31.953	665655.291262	3536602.840645	0.6773
1598543757.511	118.753	31.953	665655.410114	3536602.993588	0.6775
1598543757.511	118.753	31.953	665655.531396	3536603.149630	0.6777
1598543757.611	118.753	31.953	665655.650875	3536603.300441	0.6779
1598543757.611	118.753	31.953	665655.768537	3536603.452540	0.6780
1598543757.711	118.753	31.953	665655.889595	3536603.606233	0.6782
1598543757.711	118.753	31.953	665656.007749	3536603.756973	0.6784
1598543757.811	118.753	31.953	665656.124909	3536603.907780	0.6786
1598543757.811	118.753	31.953	665656.244031	3536604.061862	0.6788
1598543757.911	118.753	31.953	665656.360784	3536604.211754	0.6791
1598543757.911	118.753	31.953	665656.477682	3536604.361060	0.6793
1598543758.011	118.753	31.953	665656.596858	3536604.513055	0.6794
1598543758.011	118.753	31.953	665656.712786	3536604.661629	0.6796
1598543758.111	118.753	31.953	665656.827735	3536604.810557	0.6798
1598543758.111	118.753	31.953	665656.945747	3536604.962785	0.6798
1598543758.211	118.753	31.953	665657.059908	3536605.111736	0.6797
1598543758.211	118.753	31.953	665657.173103	3536605.261278	0.6795
1598543758.311	118.753	31.953	665657.288752	3536605.413776	0.6792
1598543758.311	118.753	31.953	665657.403249	3536605.562296	0.6789
1598543758.411	118.753	31.953	665657.515583	3536605.716587	0.6785
1598543758.411	118.753	31.953	665657.627646	3536605.866625	0.6783
1598543758.511	118.753	31.953	665657.740904	3536606.016569	0.6779
1598543758.511	118.753	31.953	665657.856723	3536606.169597	0.6775
1598543758.611	118.753	31.953	665657.969867	3536606.319434	0.6769
1598543758.611	118.753	31.953	665658.081944	3536606.469172	0.6764
1598543758.711	118.753	31.953	665658.195902	3536606.621459	0.6758
1598543758.711	118.753	31.953	665658.307595	3536606.770179	0.6753
1598543758.811	118.753	31.953	665658.418515	3536606.919331	0.6748
1598543758.811	118.753	31.953	665658.531601	3536607.071521	0.6743
1598543758.911	118.753	31.953	665658.642710	3536607.220054	0.6738
1598543758.911	118.753	31.953	665658.753123	3536607.368193	0.6733
1598543759.011	118.753	31.953	665658.864793	3536607.518651	0.6727
1598543759.011	118.753	31.953	665658.974878	3536607.666456	0.6722
1598543759.111	118.753	31.953	665659.082812	3536607.812499	0.6718
1598543759.111	118.753	31.953	665659.194424	3536607.962873	0.6713
1598543759.211	118.753	31.953	665659.301206	3536608.107479	0.6708
1598543759.211	118.753	31.953	665659.408968	3536608.252467	0.6704
1598543759.311	118.753	31.953	665659.519465	3536608.400666	0.6700
1598543759.311	118.753	31.953	665659.627579	3536608.545452	0.6697
1598543759.411	118.753	31.953	665659.738080	3536608.692917	0.6694
1598543759.411	118.753	31.953	665659.845738	3536608.837414	0.6692
1598543759.511	118.753	31.953	665659.953796	3536608.982413	0.6690
1598543759.511	118.753	31.953	665660.064099	3536609.130020	0.6688
1598543759.611	118.753	31.953	665660.173007	3536609.273438	0.6687
1598543759.611	118.753	31.953	665660.281521	3536609.417046	0.6685
1598543759.711	118.753	31.953	665660.391893	3536609.564901	0.6684
1598543759.711	118.753	31.953	665660.500507	3536609.709693	0.6683
1598543759.811	118.753	31.953	665660.609470	3536609.853742	0.6681
1598543759.811	118.753	31.953	665660.721557	3536610.000522	0.6680
1598543759.911	118.753	31.953	665660.829797	3536610.145031	0.6679
1598543759.911	118.753	31.953	665660.937974	3536610.289613	0.6679
1598543760.011	118.753	31.953	665661.047916	3536610.435280	0.6679
1598543760.011	118.753	31.953	665661.156386	3536610.578176	0.6679
1598543760.111	118.753	31.953	665661.264053	3536610.721336	0.6679
1598543760.111	118.753	31.953	665661.375016	3536610.868539	0.6679
1598543760.211	118.753	31.953	665661.480641	3536611.011526	0.6679
1598543760.211	118.753	31.953	665661.587746	3536611.155146	0.6678
1598543760.311	118.753	31.953	665661.696932	3536611.303165	0.6677
1598543760.311	118.753	31.953	665661.805500	3536611.448609	0.6677
1598543760.411	118.753	31.953	665661.912991	3536611.597707	0.6677
1598543760.411	118.753	31.953	665662.020322	3536611.744803	0.6676
1598543760.511	118.753	31.953	665662.128186	3536611.892759	0.6676
1598543760.511	118.753	31.953	665662.238573	3536612.044706	0.6676
1598543760.611	118.753	31.953	665662.346027	3536612.193027	0.6676
1598543760.611	118.753	31.953	665662.455253	3536612.341808	0.6676
1598543760.711	118.753	31.953	665662.566370	3536612.495085	0.6676
1598543760.711	118.753	31.953	665662.675385	3536612.646655	0.6675
1598543760.811	118.753	31.953	665662.785471	3536612.798583	0.6674
1598543760.811	118.753	31.953	665662.899007	3536612.953823	0.6673
1598543760.911	118.753	31.953	665663.012274	3536613.106270	0.6673
1598543760.911	118.753	31.953	665663.126008	3536613.258233	0.6672
1598543761.011	118.753	31.953	665663.243560	3536613.413704	0.6672
1598543761.011	118.753	31.953	665663.358864	3536613.566918	0.6671
1598543761.111	118.753	31.953	665663.474854	3536613.720329	0.6673
1598543761.111	118.753	31.953	665663.591253	3536613.877501	0.6675
1598543761.211	118.753	31.953	665663.710435	3536614.031940	0.6675
1598543761.211	118.753	31.953	665663.827251	3536614.186260	0.6676
1598543761.311	118.753	31.953	665663.946089	3536614.343703	0.6675
1598543761.311	118.753	31.953	665664.062617	3536614.498599	0.6674
1598543761.411	118.753	31.953	665664.181110	3536614.657073	0.6674
1598543761.411	118.753	31.953	665664.297584	3536614.813078	0.6674
1598543761.511	118.753	31.953	665664.415006	3536614.968917	0.6676
1598543761.512	118.753	31.953	665664.535475	3536615.128599	0.6677
1598543761.611	118.753	31.953	665664.655311	3536615.286002	0.6677
1598543761.611	118.753	31.953	665664.773780	3536615.443704	0.6678
1598543761.711	118.753	31.953	665664.894722	3536615.604773	0.6677
1598543761.711	118.753	31.953	665665.013649	3536615.763730	0.6678
1598543761.811	118.753	31.953	665665.133189	3536615.922265	0.6678
1598543761.811	118.753	31.953	665665.255144	3536616.084273	0.6678
1598543761.911	118.753	31.953	665665.374680	3536616.244903	0.6679
1598543761.911	118.753	31.953	665665.494554	3536616.406473	0.6680
1598543762.011	118.753	31.953	665665.617393	3536616.571610	0.6681
1598543762.011	118.753	31.953	665665.737888	3536616.733665	0.6681
1598543762.111	118.753	31.953	665665.859134	3536616.897005	0.6682
1598543762.111	118.753	31.953	665665.983563	3536617.063688	0.6683
1598543762.211	118.753	31.953	665666.106606	3536617.229105	0.6682
1598543762.211	118.753	31.953	665666.230021	3536617.394455	0.6682
1598543762.311	118.753	31.953	665666.356573	3536617.564447	0.6682
1598543762.311	118.753	31.953	665666.480680	3536617.731665	0.6683
1598543762.411	118.753	31.953	665666.605581	3536617.898156	0.6684
1598543762.411	118.753	31.953	665666.732081	3536618.068569	0.6685
1598543762.512	118.753	31.953	665666.857378	3536618.236562	0.6685
1598543762.512	118.753	31.953	665666.985770	3536618.408698	0.6685
1598543762.611	118.753	31.953	665667.112515	3536618.578210	0.6687
1598543762.611	118.753	31.953	665667.239278	3536618.747723	0.6688
1598543762.711	118.753	31.953	665667.367979	3536618.921837	0.6690
1598543762.711	118.753	31.953	665667.493918	3536619.090755	0.6691
1598543762.811	118.753	31.953	665667.621039	3536619.260967	0.6692
1598543762.811	118.753	31.953	665667.751007	3536619.436501	0.6692
1598543762.911	118.753	31.953	665667.878284	3536619.609631	0.6692
1598543762.911	118.753	31.953	665668.004780	3536619.779592	0.6694
1598543763.011	118.753	31.953	665668.132566	3536619.956203	0.6696
1598543763.011	118.753	31.953	665668.258673	3536620.128730	0.6697
1598543763.111	118.753	31.953	665668.386481	3536620.299370	0.6700
1598543763.111	118.753	31.953	665668.515342	3536620.473424	0.6703
1598543763.211	118.753	31.953	665668.641483	3536620.643312	0.6706
1598543763.211	118.753	31.953	665668.767497	3536620.812961	0.6709
1598543763.311	118.753	31.953	665668.895938	3536620.986055	0.6711
1598543763.311	118.753	31.953	665669.022372	3536621.155400	0.6714
1598543763.411	118.753	31.953	665669.148688	3536621.324237	0.6718
1598543763.411	118.753	31.953	665669.278928	3536621.495756	0.6723
1598543763.511	118.753	31.953	665669.407284	3536621.662828	0.6729
1598543763.511	118.753	31.953	665669.538887	3536621.833060	0.6736
1598543763.611	118.753	31.953	665669.668305	3536621.999739	0.6742
1598543763.611	118.753	31.953	665669.797464	3536622.166657	0.6750
1598543763.711	118.753	31.953	665669.929184	3536622.336242	0.6756
1598543763.711	118.753	31.953	665670.058779	3536622.501893	0.6761
1598543763.811	118.753	31.953	665670.187347	3536622.667827	0.6763
1598543763.811	118.753	31.953	665670.317457	3536622.836727	0.6763
1598543763.911	118.753	31.953	665670.444414	3536623.001815	0.6764
1598543763.911	118.753	31.954	665670.570890	3536623.167148	0.6764
1598543764.011	118.753	31.954	665670.699566	3536623.334704	0.6764
1598543764.011	118.753	31.954	665670.825187	3536623.497972	0.6764
1598543764.111	118.753	31.954	665670.950895	3536623.660685	0.6765
1598543764.111	118.753	31.954	665671.079144	3536623.827868	0.6766
1598543764.211	118.753	31.954	665671.202391	3536623.989422	0.6766
1598543764.211	118.753	31.954	665671.326219	3536624.150787	0.6766
1598543764.311	118.753	31.954	665671.452071	3536624.315229	0.6765
1598543764.311	118.753	31.954	665671.574575	3536624.476410	0.6764
1598543764.411	118.753	31.954	665671.696883	3536624.637041	0.6763
1598543764.411	118.753	31.954	665671.821615	3536624.801057	0.6764
1598543764.511	118.753	31.954	665671.943454	3536624.961588	0.6766
1598543764.511	118.753	31.954	665672.067378	3536625.124858	0.6766
1598543764.611	118.753	31.954	665672.187989	3536625.284507	0.6766
1598543764.611	118.753	31.954	665672.307430	3536625.444411	0.6767
1598543764.711	118.753	31.954	665672.429737	3536625.605951	0.6769
1598543764.711	118.753	31.954	665672.549760	3536625.763368	0.6769
1598543764.811	118.753	31.954	665672.668895	3536625.920755	0.6771
1598543764.811	118.753	31.954	665672.789532	3536626.080185	0.6774
1598543764.911	118.753	31.954	665672.907241	3536626.235726	0.6775
1598543764.911	118.753	31.954	665673.024166	3536626.391090	0.6776
1598543765.011	118.753	31.954	665673.143024	3536626.547810	0.6776
1598543765.011	118.753	31.954	665673.259279	3536626.699346	0.6776
1598543765.111	118.753	31.954	665673.374502	3536626.849449	0.6775
1598543765.111	118.753	31.954	665673.490143	3536627.002740	0.6773
1598543765.211	118.753	31.954	665673.605002	3536627.149929	0.6771
1598543765.211	118.753	31.954	665673.717928	3536627.296350	0.6768
1598543765.311	118.753	31.954	665673.831448	3536627.444720	0.6765
1598543765.311	118.753	31.954	665673.941799	3536627.588872	0.6762
1598543765.411	118.753	31.954	665674.051386	3536627.731604	0.6757
1598543765.411	118.753	31.954	665674.161981	3536627.875071	0.6748
1598543765.511	118.753	31.954	665674.269570	3536628.014776	0.6737
1598543765.511	118.753	31.954	665674.377320	3536628.156929	0.6725
1598543765.611	118.753	31.954	665674.480132	3536628.294023	0.6713
1598543765.611	118.753	31.954	665674.580247	3536628.429215	0.6701
1598543765.711	118.753	31.954	665674.680964	3536628.564550	0.6690
1598543765.711	118.753	31.954	665674.778330	3536628.695463	0.6679
1598543765.811	118.753	31.954	665674.874112	3536628.824380	0.6669
1598543765.811	118.753	31.954	665674.970073	3536628.954642	0.6658
1598543765.911	118.753	31.954	665675.060876	3536629.080298	0.6647
1598543765.911	118.753	31.954	665675.149222	3536629.203918	0.6638
1598543766.011	118.753	31.954	665675.238064	3536629.327858	0.6629
1598543766.011	118.753	31.954	665675.323536	3536629.447242	0.6621
1598543766.111	118.753	31.954	665675.407043	3536629.564464	0.6615
1598543766.111	118.753	31.954	665675.491580	3536629.682902	0.6609
1598543766.211	118.753	31.954	665675.570240	3536629.792931	0.6603
1598543766.211	118.753	31.954	665675.648811	3536629.902421	0.6600
1598543766.311	118.753	31.954	665675.727688	3536630.011471	0.6598
1598543766.311	118.753	31.954	665675.803585	3536630.115442	0.6597
1598543766.411	118.753	31.954	665675.878672	3536630.216800	0.6595
1598543766.411	118.753	31.954	665675.954088	3536630.318297	0.6596
1598543766.511	118.753	31.954	665676.025728	3536630.415422	0.6599
1598543766.511	118.753	31.954	665676.097124	3536630.511837	0.6604
1598543766.611	118.753	31.954	665676.165892	3536630.603846	0.6608
1598543766.611	118.753	31.954	665676.233871	3536630.692855	0.6611
1598543766.711	118.753	31.954	665676.301989	3536630.781251	0.6613
1598543766.711	118.753	31.954	665676.366975	3536630.865012	0.6615
1598543766.811	118.753	31.954	665676.429821	3536630.946781	0.6618
1598543766.811	118.753	31.954	665676.492822	3536631.028372	0.6623
1598543766.911	118.753	31.954	665676.551550	3536631.105991	0.6628
1598543766.911	118.753	31.954	665676.608801	3536631.180839	0.6633
1598543767.011	118.753	31.954	665676.665695	3536631.255526	0.6636
1598543767.011	118.753	31.954	665676.719440	3536631.326960	0.6640
1598543767.111	118.753	31.954	665676.770970	3536631.396415	0.6646
1598543767.111	118.753	31.954	665676.823505	3536631.467114	0.6651
1598543767.211	118.753	31.954	665676.871204	3536631.530721	0.6654
1598543767.211	118.753	31.954	665676.920503	3536631.593530	0.6656
1598543767.311	118.753	31.954	665676.969331	3536631.655400	0.6655
1598543767.311	118.753	31.954	665677.014964	3536631.713538	0.6654
1598543767.411	118.753	31.954	665677.059366	3536631.770106	0.6653
1598543767.411	118.753	31.954	665677.103762	3536631.826141	0.6652
1598543767.511	118.753	31.954	665677.146467	3536631.879892	0.6649
1598543767.511	118.753	31.954	665677.188351	3536631.932053	0.6646
1598543767.611	118.753	31.954	665677.229836	3536631.984740	0.6645
1598543767.611	118.753	31.954	665677.268502	3536632.035325	0.6646
1598543767.711	118.753	31.954	665677.306623	3536632.086508	0.6648
1598543767.711	118.753	31.954	665677.342872	3536632.135405	0.6647
1598543767.811	118.753	31.954	665677.378048	3536632.183384	0.6644
1598543767.811	118.753	31.954	665677.413071	3536632.231358	0.6641
1598543767.911	118.753	31.954	665677.446570	3536632.276761	0.6640
1598543767.911	118.753	31.954	665677.479085	3536632.320458	0.6640
1598543768.011	118.753	31.954	665677.511416	3536632.363386	0.6640
1598543768.011	118.753	31.954	665677.541340	3536632.403616	0.6639
1598543768.111	118.753	31.954	665677.569853	3536632.443425	0.6637
1598543768.111	118.753	31.954	665677.598136	3536632.480744	0.6636
1598543768.211	118.753	31.954	665677.623119	3536632.519123	0.6635
1598543768.211	118.753	31.954	665677.647684	3536632.554198	0.6636
1598543768.311	118.753	31.954	665677.671286	3536632.587102	0.6636
1598543768.311	118.753	31.954	665677.693097	3536632.617088	0.6634
1598543768.411	118.753	31.954	665677.713661	3536632.645247	0.6632
1598543768.411	118.753	31.954	665677.733238	3536632.672423	0.6629
1598543768.511	118.753	31.954	665677.750837	3536632.697278	0.6629
1598543768.511	118.753	31.954	665677.766838	3536632.720201	0.6629
1598543768.611	118.753	31.954	665677.781744	3536632.742631	0.6631
1598543768.611	118.753	31.954	665677.795648	3536632.762918	0.6630
1598543768.711	118.753	31.954	665677.809379	3536632.782144	0.6628
1598543768.711	118.753	31.954	665677.821129	3536632.799205	0.6625
1598543768.811	118.753	31.954	665677.832803	3536632.815993	0.6624
1598543768.811	118.753	31.954	665677.845251	3536632.833407	0.6624
1598543768.911	118.753	31.954	665677.857982	3536632.850400	0.6624
1598543768.911	118.753	31.954	665677.869816	3536632.866018	0.6625
1598543769.011	118.753	31.954	665677.883174	3536632.883367	0.6625
1598543769.011	118.753	31.954	665677.897390	3536632.901386	0.6624
1598543769.111	118.753	31.954	665677.912519	3536632.920111	0.6623
1598543769.111	118.753	31.954	665677.928489	3536632.941195	0.6623
1598543769.211	118.753	31.954	665677.944315	3536632.960119	0.6622
1598543769.211	118.753	31.954	665677.960990	3536632.981545	0.6622
1598543769.311	118.753	31.954	665677.978301	3536633.004504	0.6622
1598543769.311	118.753	31.954	665677.995581	3536633.027969	0.6622
1598543769.411	118.753	31.954	665678.013030	3536633.051705	0.6622
1598543769.411	118.753	31.954	665678.032000	3536633.076254	0.6622
1598543769.511	118.753	31.954	665678.051658	3536633.101451	0.6624
1598543769.511	118.753	31.954	665678.071629	3536633.127462	0.6625
1598543769.611	118.753	31.954	665678.091455	3536633.154598	0.6625
1598543769.611	118.753	31.954	665678.110594	3536633.181421	0.6626
1598543769.711	118.753	31.954	665678.130334	3536633.208883	0.6626
1598543769.711	118.753	31.954	665678.150027	3536633.235902	0.6627
1598543769.811	118.753	31.954	665678.169061	3536633.262952	0.6627
1598543769.811	118.753	31.954	665678.188795	3536633.290699	0.6628
1598543769.911	118.753	31.954	665678.208173	3536633.317110	0.6628
1598543769.911	118.753	31.954	665678.226451	3536633.342163	0.6629
1598543770.011	118.753	31.954	665678.246131	3536633.369591	0.6629
1598543770.011	118.753	31.954	665678.265109	3536633.396801	0.6629
1598543770.111	118.753	31.954	665678.283464	3536633.423871	0.6629
1598543770.111	118.753	31.954	665678.303052	3536633.450688	0.6629
1598543770.211	118.753	31.954	665678.321511	3536633.479297	0.6630
1598543770.211	118.753	31.954	665678.340530	3536633.506451	0.6631
1598543770.311	118.753	31.954	665678.360041	3536633.533518	0.6632
1598543770.311	118.753	31.954	665678.379293	3536633.560112	0.6632
1598543770.411	118.753	31.954	665678.398418	3536633.586599	0.6632
1598543770.411	118.753	31.954	665678.418281	3536633.613687	0.6632
1598543770.511	118.753	31.954	665678.437250	3536633.641141	0.6632
1598543770.511	118.753	31.954	665678.455371	3536633.666696	0.6633
1598543770.611	118.753	31.954	665678.474895	3536633.694839	0.6633
1598543770.611	118.753	31.954	665678.493700	3536633.720955	0.6633
1598543770.711	118.753	31.954	665678.512781	3536633.746456	0.6632
1598543770.711	118.753	31.954	665678.531170	3536633.771078	0.6632
1598543770.811	118.753	31.954	665678.548226	3536633.794396	0.6633
1598543770.811	118.753	31.954	665678.564283	3536633.817062	0.6633
1598543770.911	118.753	31.954	665678.579303	3536633.838478	0.6634
1598543770.911	118.753	31.954	665678.593653	3536633.858500	0.6634
1598543771.011	118.753	31.954	665678.607812	3536633.878646	0.6634
1598543771.011	118.753	31.954	665678.620256	3536633.897400	0.6634
1598543771.111	118.753	31.954	665678.631686	3536633.914966	0.6634
1598543771.111	118.753	31.954	665678.646118	3536633.935640	0.6634
1598543771.211	118.753	31.954	665678.653287	3536633.947325	0.6634
1598543771.211	118.753	31.954	665678.664107	3536633.962693	0.6635
1598543771.311	118.753	31.954	665678.675994	3536633.979440	0.6635
1598543771.311	118.753	31.954	665678.687469	3536633.995485	0.6635
1598543771.411	118.753	31.954	665678.699611	3536634.011381	0.6636
1598543771.411	118.753	31.954	665678.712901	3536634.028626	0.6636
1598543771.511	118.753	31.954	665678.726246	3536634.046606	0.6637
1598543771.511	118.753	31.954	665678.740187	3536634.065197	0.6637
1598543771.611	118.753	31.954	665678.755636	3536634.084419	0.6637
1598543771.611	118.753	31.954	665678.769919	3536634.103427	0.6637
1598543771.711	118.753	31.954	665678.785170	3536634.121966	0.6638
1598543771.711	118.753	31.954	665678.800736	3536634.141113	0.6638
1598543771.811	118.753	31.954	665678.816088	3536634.160270	0.6637
1598543771.811	118.753	31.954	665678.830953	3536634.179599	0.6637
1598543771.911	118.753	31.954	665678.843893	3536634.197699	0.6637
1598543771.911	118.753	31.954	665678.855908	3536634.214738	0.6637
1598543772.011	118.753	31.954	665678.867233	3536634.231163	0.6637
1598543772.011	118.753	31.954	665678.877043	3536634.245418	0.6637
1598543772.111	118.753	31.954	665678.884815	3536634.257467	0.6637
1598543772.111	118.753	31.954	665678.887586	3536634.262433	0.6637
1598543772.211	118.753	31.954	665678.892111	3536634.270856	0.6637
1598543772.211	118.753	31.954	665678.897194	3536634.279799	0.6637
1598543772.311	118.753	31.954	665678.900399	3536634.285142	0.6636
1598543772.311	118.753	31.954	665678.901505	3536634.287361	0.6636
1598543772.411	118.753	31.954	665678.900018	3536634.286528	0.6637
1598543772.411	118.753	31.954	665678.896603	3536634.282322	0.6638
1598543772.511	118.753	31.954	665678.891542	3536634.275629	0.6638
1598543772.511	118.753	31.954	665678.893082	3536634.278150	0.6638
1598543772.611	118.753	31.954	665678.877824	3536634.256898	0.6638
1598543772.611	118.753	31.954	665678.870085	3536634.246220	0.6637
1598543772.711	118.753	31.954	665678.868050	3536634.244035	0.6638
1598543772.711	118.753	31.954	665678.865177	3536634.240456	0.6637
1598543772.811	118.753	31.954	665678.862700	3536634.236402	0.6637
1598543772.811	118.753	31.954	665678.860988	3536634.234382	0.6637
1598543772.911	118.753	31.954	665678.858099	3536634.228331	0.6635
1598543772.911	118.753	31.954	665678.856571	3536634.225447	0.6635
1598543773.011	118.753	31.954	665678.855590	3536634.223785	0.6635
1598543773.011	118.753	31.954	665678.855208	3536634.222821	0.6634
1598543773.111	118.753	31.954	665678.855115	3536634.222437	0.6634
1598543773.111	118.753	31.954	665678.854054	3536634.220692	0.6633
1598543773.211	118.753	31.954	665678.855177	3536634.222153	0.6632
1598543773.211	118.753	31.954	665678.855494	3536634.222698	0.6632
1598543773.311	118.753	31.954	665678.856051	3536634.222856	0.6631
1598543773.311	118.753	31.954	665678.856644	3536634.222973	0.6631
1598543773.411	118.753	31.954	665678.856893	3536634.223409	0.6631
1598543773.411	118.753	31.954	665678.857021	3536634.224037	0.6630
1598543773.511	118.753	31.954	665678.856976	3536634.224183	0.6630
1598543773.511	118.753	31.954	665678.856853	3536634.224153	0.6630
1598543773.611	118.753	31.954	665678.856605	3536634.224116	0.6629
1598543773.611	118.753	31.954	665678.856549	3536634.224440	0.6629
1598543773.711	118.753	31.954	665678.856343	3536634.224809	0.6629
1598543773.711	118.753	31.954	665678.856199	3536634.225173	0.6629
1598543773.811	118.753	31.954	665678.856065	3536634.225444	0.6629
1598543773.811	118.753	31.954	665678.855739	3536634.225966	0.6629
1598543773.911	118.753	31.954	665678.855353	3536634.226327	0.6628
1598543773.911	118.753	31.954	665678.855107	3536634.226475	0.6628
1598543774.011	118.753	31.954	665678.855417	3536634.226463	0.6628
1598543774.011	118.753	31.954	665678.855693	3536634.226442	0.6628
1598543774.111	118.753	31.954	665678.855754	3536634.226801	0.6628
1598543774.111	118.753	31.954	665678.855792	3536634.227346	0.6628
1598543774.211	118.753	31.954	665678.855728	3536634.227877	0.6627
1598543774.211	118.753	31.954	665678.856000	3536634.227974	0.6627
1598543774.311	118.753	31.954	665678.855840	3536634.228106	0.6627
1598543774.311	118.753	31.954	665678.855663	3536634.228086	0.6627
1598543774.411	118.753	31.954	665678.855514	3536634.228445	0.6627
1598543774.411	118.753	31.954	665678.855297	3536634.229220	0.6626
1598543774.511	118.753	31.954	665678.855132	3536634.229609	0.6626
1598543774.511	118.753	31.954	665678.855000	3536634.229697	0.6626
1598543774.611	118.753	31.954	665678.854889	3536634.229378	0.6626
1598543774.611	118.753	31.954	665678.854977	3536634.228939	0.6626
1598543774.711	118.753	31.954	665678.854884	3536634.229449	0.6626
1598543774.711	118.753	31.954	665678.855172	3536634.229985	0.6625
1598543774.811	118.753	31.954	665678.855210	3536634.230124	0.6625
1598543774.811	118.753	31.954	665678.855221	3536634.230251	0.6625
1598543774.911	118.753	31.954	665678.855290	3536634.230150	0.6625
1598543774.911	118.753	31.954	665678.855425	3536634.230018	0.6624
1598543775.011	118.753	31.954	665678.855250	3536634.230092	0.6624
1598543775.011	118.753	31.954	665678.855278	3536634.229932	0.6623
1598543775.111	118.753	31.954	665678.855632	3536634.229828	0.6623
1598543775.111	118.753	31.954	665678.855711	3536634.230280	0.6623
1598543775.211	118.753	31.954	665678.855882	3536634.229865	0.6623
1598543775.211	118.753	31.954	665678.855823	3536634.229154	0.6622
1598543775.311	118.753	31.954	665678.855759	3536634.228944	0.6622
1598543775.311	118.753	31.954	665678.855691	3536634.228754	0.6622
1598543775.411	118.753	31.954	665678.855803	3536634.228953	0.6621
1598543775.411	118.753	31.954	665678.856283	3536634.229353	0.6621
1598543775.511	118.753	31.954	665678.856081	3536634.229370	0.6621
1598543775.511	118.753	31.954	665678.855819	3536634.229327	0.6621
1598543775.611	118.753	31.954	665678.855801	3536634.229440	0.6620
1598543775.611	118.753	31.954	665678.856331	3536634.229885	0.6620
1598543775.711	118.753	31.954	665678.856392	3536634.230324	0.6620
1598543775.711	118.753	31.954	665678.856767	3536634.230767	0.6620
1598543775.811	118.753	31.954	665678.856869	3536634.230959	0.6620
1598543775.811	118.753	31.954	665678.857063	3536634.231151	0.6620
1598543775.911	118.753	31.954	665678.857344	3536634.231577	0.6620
1598543775.911	118.753	31.954	665678.857582	3536634.232128	0.6620
1598543776.011	118.753	31.954	665678.857919	3536634.232412	0.6620
1598543776.011	118.753	31.954	665678.858047	3536634.232704	0.6620
1598543776.111	118.753	31.954	665678.858005	3536634.232817	0.6620
1598543776.111	118.753	31.954	665678.858279	3536634.233422	0.6619
1598543776.211	118.753	31.954	665678.858113	3536634.233495	0.6619
1598543776.211	118.753	31.954	665678.857781	3536634.232546	0.6619
1598543776.311	118.753	31.954	665678.857537	3536634.232481	0.6619
1598543776.311	118.753	31.954	665678.857328	3536634.232440	0.6619
1598543776.411	118.753	31.954	665678.856987	3536634.232500	0.6619
1598543776.411	118.753	31.954	665678.856794	3536634.232936	0.6619
1598543776.511	118.753	31.954	665678.856550	3536634.233375	0.6619
1598543776.511	118.753	31.954	665678.856400	3536634.233678	0.6618
1598543776.611	118.753	31.954	665678.856154	3536634.233936	0.6618
1598543776.611	118.753	31.954	665678.855848	3536634.234038	0.6618
1598543776.711	118.753	31.954	665678.855545	3536634.233957	0.6618
1598543776.711	118.753	31.954	665678.855329	3536634.233889	0.6617
