1598544506.419	118.758	31.977	666151.279298	3539248.121640	0.0068
1598544506.519	118.758	31.977	666151.273576	3539248.732924	0.0059
1598544506.619	118.758	31.977	666151.266357	3539249.321061	0.0056
1598544506.719	118.758	31.977	666151.261937	3539249.898882	0.0051
1598544506.819	118.758	31.977	666151.260081	3539250.179001	0.0047
1598544506.819	118.758	31.977	666151.258224	3539250.460379	0.0041
1598544506.919	118.758	31.977	666151.256324	3539250.731516	0.0034
1598544506.919	118.758	31.977	666151.254250	3539250.998287	0.0026
1598544507.019	118.758	31.977	666151.250007	3539251.267900	0.0018
1598544507.019	118.758	31.977	666151.245424	3539251.529695	0.0013
1598544507.119	118.758	31.977	666151.241413	3539251.788546	0.0009
1598544507.119	118.758	31.977	666151.235669	3539252.055788	0.0003
1598544507.219	118.758	31.977	666151.235955	3539252.302885	6.2829
1598544507.219	118.758	31.977	666151.231960	3539252.552772	6.2824
1598544507.319	118.758	31.977	666151.226638	3539252.806039	6.2819
1598544507.319	118.758	31.977	666151.221129	3539253.051704	6.2812
1598544507.419	118.758	31.977	666151.216600	3539253.295274	6.2804
1598544507.419	118.758	31.977	666151.211196	3539253.540590	6.2798
1598544507.519	118.758	31.977	666151.205244	3539253.777656	6.2793
1598544507.519	118.758	31.977	666151.197780	3539254.012197	6.2791
1598544507.619	118.758	31.977	666151.191883	3539254.249094	6.2789
1598544507.619	118.758	31.977	666151.188413	3539254.478513	6.2784
1598544507.719	118.758	31.977	666151.184512	3539254.708910	6.2778
1598544507.719	118.758	31.977	666151.181441	3539254.929348	6.2773
1598544507.819	118.758	31.977	666151.176441	3539255.144804	6.2771
1598544507.819	118.758	31.977	666151.170783	3539255.360709	6.2771
1598544507.919	118.758	31.977	666151.164396	3539255.569478	6.2772
1598544507.919	118.758	31.977	666151.158602	3539255.773323	6.2772
1598544508.019	118.758	31.977	666151.153413	3539255.980070	6.2769
1598544508.019	118.758	31.977	666151.149424	3539256.181202	6.2767
1598544508.119	118.758	31.977	666151.146227	3539256.380807	6.2766
1598544508.119	118.758	31.977	666151.138865	3539256.580697	6.2768
1598544508.219	118.758	31.977	666151.139788	3539256.775460	6.2772
1598544508.219	118.758	31.977	666151.138280	3539256.965933	6.2776
1598544508.319	118.758	31.977	666151.135991	3539257.156132	6.2777
1598544508.319	118.758	31.977	666151.131315	3539257.336415	6.2778
1598544508.419	118.758	31.977	666151.132191	3539257.518263	6.2777
1598544508.419	118.758	31.977	666151.128080	3539257.696206	6.2778
1598544508.519	118.758	31.977	666151.122592	3539257.865239	6.2779
1598544508.519	118.758	31.977	666151.115921	3539258.029165	6.2780
1598544508.619	118.758	31.977	666151.110918	3539258.191394	6.2780
1598544508.619	118.758	31.977	666151.109005	3539258.344131	6.2776
1598544508.719	118.758	31.977	666151.105116	3539258.497646	6.2770
1598544508.719	118.758	31.977	666151.102771	3539258.647387	6.2766
1598544508.819	118.758	31.977	666151.099941	3539258.788141	6.2765
1598544508.819	118.758	31.977	666151.097396	3539258.923987	6.2764
1598544508.919	118.758	31.977	666151.095204	3539259.059076	6.2764
1598544508.919	118.758	31.977	666151.094296	3539259.186833	6.2764
1598544509.019	118.758	31.977	666151.093886	3539259.311930	6.2764
1598544509.019	118.758	31.977	666151.093902	3539259.438866	6.2764
1598544509.119	118.758	31.977	666151.094115	3539259.561294	6.2765
1598544509.119	118.758	31.977	666151.091864	3539259.687111	6.2765
1598544509.219	118.758	31.977	666151.092849	3539259.798908	6.2764
1598544509.219	118.758	31.977	666151.093032	3539259.913884	6.2763
1598544509.319	118.758	31.977	666151.092757	3539260.027828	6.2761
1598544509.319	118.758	31.977	666151.093024	3539260.141893	6.2757
1598544509.419	118.758	31.977	666151.092689	3539260.250909	6.2753
1598544509.419	118.758	31.977	666151.090710	3539260.359219	6.2753
1598544509.519	118.758	31.977	666151.086801	3539260.462900	6.2756
1598544509.519	118.758	31.977	666151.082050	3539260.564000	6.2760
1598544509.619	118.758	31.977	666151.079095	3539260.663194	6.2762
1598544509.619	118.758	31.977	666151.077169	3539260.756616	6.2761
1598544509.719	118.758	31.977	666151.075770	3539260.845669	6.2759
1598544509.719	118.758	31.977	666151.073423	3539260.932680	6.2759
1598544509.819	118.758	31.977	666151.070447	3539261.013738	6.2761
1598544509.819	118.758	31.977	666151.067807	3539261.089631	6.2763
1598544509.919	118.758	31.977	666151.065553	3539261.162307	6.2763
1598544509.919	118.758	31.977	666151.063651	3539261.230391	6.2760
1598544510.019	118.758	31.977	666151.062208	3539261.292290	6.2758
1598544510.019	118.758	31.977	666151.059718	3539261.351833	6.2757
1598544510.119	118.758	31.977	666151.057510	3539261.406114	6.2760
1598544510.119	118.758	31.977	666151.055189	3539261.466675	6.2762
1598544510.219	118.758	31.977	666151.053227	3539261.514243	6.2763
1598544510.219	118.758	31.977	666151.054420	3539261.544766	6.2762
1598544510.319	118.758	31.977	666151.054487	3539261.585669	6.2760
1598544510.319	118.758	31.977	666151.052711	3539261.636220	6.2760
1598544510.419	118.758	31.977	666151.054795	3539261.663082	6.2761
1598544510.419	118.758	31.977	666151.056156	3539261.699038	6.2763
1598544510.519	118.758	31.977	666151.057338	3539261.736426	6.2762
1598544510.519	118.758	31.977	666151.057380	3539261.773511	6.2761
1598544510.619	118.758	31.977	666151.059504	3539261.806780	6.2760
1598544510.619	118.758	31.977	666151.060151	3539261.841344	6.2760
1598544510.719	118.758	31.977	666151.060248	3539261.874034	6.2761
1598544510.719	118.758	31.977	666151.060606	3539261.906401	6.2762
1598544510.819	118.758	31.977	666151.061045	3539261.938153	6.2761
1598544510.819	118.758	31.977	666151.061022	3539261.967094	6.2760
1598544510.919	118.758	31.977	666151.061113	3539261.993299	6.2759
1598544510.919	118.758	31.977	666151.061035	3539262.017601	6.2759
1598544511.019	118.758	31.977	666151.061030	3539262.040308	6.2760
1598544511.019	118.758	31.977	666151.061807	3539262.062593	6.2761
1598544511.119	118.758	31.977	666151.062888	3539262.081913	6.2761
1598544511.119	118.758	31.977	666151.063302	3539262.106325	6.2761
1598544511.219	118.758	31.977	666151.064420	3539262.122799	6.2760
1598544511.219	118.758	31.977	666151.064733	3539262.133745	6.2760
1598544511.319	118.758	31.977	666151.064508	3539262.151623	6.2761
1598544511.319	118.758	31.977	666151.064569	3539262.170613	6.2761
1598544511.419	118.758	31.977	666151.065210	3539262.189165	6.2762
1598544511.419	118.758	31.977	666151.065238	3539262.208252	6.2762
1598544511.519	118.758	31.977	666151.064792	3539262.227931	6.2762
1598544511.519	118.758	31.977	666151.064105	3539262.247218	6.2762
1598544511.619	118.758	31.977	666151.063605	3539262.265798	6.2763
1598544511.619	118.758	31.977	666151.062861	3539262.284348	6.2764
1598544511.719	118.758	31.977	666151.062316	3539262.301594	6.2765
1598544511.719	118.758	31.977	666151.061886	3539262.318049	6.2766
1598544511.819	118.758	31.977	666151.061299	3539262.333761	6.2766
1598544511.819	118.758	31.977	666151.060776	3539262.347649	6.2766
1598544511.919	118.758	31.977	666151.060190	3539262.358693	6.2766
1598544511.919	118.758	31.977	666151.059639	3539262.368238	6.2766
1598544512.019	118.758	31.977	666151.059012	3539262.375328	6.2767
1598544512.019	118.758	31.977	666151.058572	3539262.379629	6.2767
1598544512.119	118.758	31.977	666151.058193	3539262.382594	6.2766
1598544512.119	118.758	31.977	666151.058083	3539262.384799	6.2765
1598544512.219	118.758	31.977	666151.057744	3539262.389566	6.2765
1598544512.219	118.758	31.977	666151.057291	3539262.392034	6.2765
1598544512.319	118.758	31.977	666151.056861	3539262.390276	6.2765
1598544512.319	118.758	31.977	666151.057325	3539262.369540	6.2766
1598544512.419	118.758	31.977	666151.057522	3539262.358525	6.2766
1598544512.419	118.758	31.977	666151.057930	3539262.348068	6.2766
1598544512.519	118.758	31.977	666151.058297	3539262.341447	6.2766
1598544512.519	118.758	31.977	666151.058651	3539262.335482	6.2766
1598544512.619	118.758	31.977	666151.059169	3539262.330482	6.2766
1598544512.619	118.758	31.977	666151.059795	3539262.325820	6.2766
1598544512.719	118.758	31.977	666151.060543	3539262.321260	6.2766
1598544512.719	118.758	31.977	666151.061330	3539262.317688	6.2766
1598544512.819	118.758	31.977	666151.061976	3539262.314513	6.2766
1598544512.819	118.758	31.977	666151.062256	3539262.312689	6.2766
1598544512.919	118.758	31.977	666151.062870	3539262.309465	6.2766
1598544512.919	118.758	31.977	666151.063085	3539262.308929	6.2766
1598544513.019	118.758	31.977	666151.063007	3539262.311438	6.2766
1598544513.019	118.758	31.977	666151.063598	3539262.311787	6.2766
1598544513.119	118.758	31.977	666151.063725	3539262.311716	6.2766
1598544513.119	118.758	31.977	666151.064304	3539262.310443	6.2766
1598544513.219	118.758	31.977	666151.064325	3539262.310518	6.2766
1598544513.219	118.758	31.977	666151.064020	3539262.311264	6.2766
1598544513.319	118.758	31.977	666151.064172	3539262.311259	6.2766
1598544513.319	118.758	31.977	666151.064401	3539262.311200	6.2766
1598544513.419	118.758	31.977	666151.064485	3539262.311189	6.2766
1598544513.419	118.758	31.977	666151.064506	3539262.311392	6.2766
1598544513.519	118.758	31.977	666151.064495	3539262.311491	6.2766
1598544513.519	118.758	31.977	666151.064496	3539262.311545	6.2766
1598544513.619	118.758	31.977	666151.064565	3539262.311780	6.2766
1598544513.619	118.758	31.977	666151.064563	3539262.312221	6.2766
1598544513.719	118.758	31.977	666151.064310	3539262.312238	6.2766
1598544513.719	118.758	31.977	666151.063959	3539262.312151	6.2766
1598544513.819	118.758	31.977	666151.063644	3539262.312161	6.2766
1598544513.819	118.758	31.977	666151.063377	3539262.312379	6.2766
1598544513.919	118.758	31.977	666151.063516	3539262.312473	6.2766
1598544513.919	118.758	31.977	666151.063357	3539262.312804	6.2766
1598544514.019	118.758	31.977	666151.063327	3539262.312749	6.2766
1598544514.019	118.758	31.977	666151.063334	3539262.312480	6.2766
1598544514.119	118.758	31.977	666151.063397	3539262.312447	6.2766
1598544514.119	118.758	31.977	666151.063598	3539262.312498	6.2766
1598544514.219	118.758	31.977	666151.063773	3539262.312382	6.2766
1598544514.219	118.758	31.977	666151.063997	3539262.312380	6.2766
1598544514.319	118.758	31.977	666151.064090	3539262.312802	6.2766
1598544514.319	118.758	31.977	666151.064224	3539262.313242	6.2765
1598544514.419	118.758	31.977	666151.064331	3539262.313668	6.2765
1598544514.419	118.758	31.977	666151.064401	3539262.313868	6.2765
1598544514.519	118.758	31.977	666151.064117	3539262.313943	6.2765
1598544514.519	118.758	31.977	666151.063724	3539262.314032	6.2765
1598544514.619	118.758	31.977	666151.063672	3539262.313967	6.2765
1598544514.619	118.758	31.977	666151.063828	3539262.313815	6.2765
1598544514.719	118.758	31.977	666151.064082	3539262.314049	6.2765
1598544514.719	118.758	31.977	666151.064365	3539262.314236	6.2765
1598544514.819	118.758	31.977	666151.064118	3539262.314321	6.2764
1598544514.819	118.758	31.977	666151.063571	3539262.315099	6.2764
1598544514.919	118.758	31.977	666151.063616	3539262.315752	6.2763
1598544514.919	118.758	31.977	666151.063821	3539262.316199	6.2763
1598544515.019	118.758	31.977	666151.063989	3539262.316519	6.2763
1598544515.019	118.758	31.977	666151.064404	3539262.316656	6.2763
1598544515.119	118.758	31.977	666151.064432	3539262.316500	6.2763
1598544515.119	118.758	31.977	666151.064781	3539262.316816	6.2763
1598544515.219	118.758	31.977	666151.064607	3539262.316703	6.2763
1598544515.219	118.758	31.977	666151.065228	3539262.315614	6.2762
1598544515.319	118.758	31.977	666151.065299	3539262.315292	6.2762
1598544515.319	118.758	31.977	666151.065253	3539262.315121	6.2762
1598544515.419	118.758	31.977	666151.065491	3539262.315181	6.2761
1598544515.419	118.758	31.977	666151.065986	3539262.315183	6.2761
1598544515.519	118.758	31.977	666151.066211	3539262.315078	6.2761
1598544515.519	118.758	31.977	666151.066403	3539262.314893	6.2761
1598544515.619	118.758	31.977	666151.066420	3539262.315168	6.2761
1598544515.619	118.758	31.977	666151.066669	3539262.315756	6.2761
1598544515.719	118.758	31.977	666151.066527	3539262.315926	6.2761
1598544515.719	118.758	31.977	666151.066371	3539262.315843	6.2761
1598544515.819	118.758	31.977	666151.065989	3539262.316189	6.2761
1598544515.819	118.758	31.977	666151.065795	3539262.316507	6.2761
1598544515.919	118.758	31.977	666151.065391	3539262.317003	6.2760
1598544515.919	118.758	31.977	666151.064866	3539262.317476	6.2761
1598544516.019	118.758	31.977	666151.064367	3539262.317674	6.2761
1598544516.019	118.758	31.977	666151.063997	3539262.317561	6.2761
1598544516.119	118.758	31.977	666151.063969	3539262.317527	6.2761
1598544516.119	118.758	31.977	666151.064045	3539262.317799	6.2761
1598544516.219	118.758	31.977	666151.064069	3539262.317984	6.2761
1598544516.219	118.758	31.977	666151.064194	3539262.318306	6.2761
1598544516.319	118.758	31.977	666151.063800	3539262.318352	6.2761
1598544516.319	118.758	31.977	666151.063432	3539262.318302	6.2761
1598544516.419	118.758	31.977	666151.063226	3539262.318414	6.2761
1598544516.419	118.758	31.977	666151.063167	3539262.318727	6.2761
1598544516.519	118.758	31.977	666151.062903	3539262.318700	6.2761
1598544516.519	118.758	31.977	666151.062545	3539262.318555	6.2761
1598544516.619	118.758	31.977	666151.062492	3539262.318245	6.2761
1598544516.619	118.758	31.977	666151.062490	3539262.317986	6.2761
1598544516.719	118.758	31.977	666151.062531	3539262.318065	6.2761
1598544516.719	118.758	31.977	666151.062661	3539262.318229	6.2761
1598544516.819	118.758	31.977	666151.062878	3539262.317916	6.2761
1598544516.819	118.758	31.977	666151.063250	3539262.317893	6.2761
