1598543834.262	118.756	31.957	665955.488894	3537028.906097	0.3491
1598543834.362	118.756	31.957	665955.633357	3537029.335813	0.3495
1598543834.462	118.756	31.957	665955.776733	3537029.755943	0.3501
1598543834.562	118.756	31.957	665955.918980	3537030.167441	0.3506
1598543834.662	118.756	31.957	665955.990778	3537030.367338	0.3508
1598543834.662	118.756	31.957	665956.061645	3537030.565499	0.3510
1598543834.762	118.756	31.957	665956.132744	3537030.765953	0.3512
1598543834.762	118.756	31.957	665956.201078	3537030.961041	0.3513
1598543834.862	118.756	31.957	665956.268148	3537031.153765	0.3513
1598543834.862	118.756	31.957	665956.335710	3537031.347863	0.3515
1598543834.962	118.756	31.957	665956.401147	3537031.535654	0.3517
1598543834.962	118.756	31.957	665956.466348	3537031.721617	0.3519
1598543835.062	118.756	31.957	665956.532431	3537031.908373	0.3521
1598543835.062	118.756	31.957	665956.596596	3537032.088516	0.3522
1598543835.162	118.756	31.957	665956.658540	3537032.267083	0.3522
1598543835.162	118.756	31.957	665956.722445	3537032.445469	0.3521
1598543835.262	118.756	31.957	665956.782046	3537032.617841	0.3520
1598543835.262	118.756	31.957	665956.840063	3537032.787533	0.3519
1598543835.362	118.756	31.957	665956.898422	3537032.957406	0.3517
1598543835.362	118.756	31.957	665956.955486	3537033.121053	0.3514
1598543835.462	118.756	31.957	665957.011857	3537033.285010	0.3511
1598543835.462	118.756	31.957	665957.065229	3537033.443051	0.3511
1598543835.563	118.756	31.957	665957.117733	3537033.597501	0.3512
1598543835.563	118.756	31.957	665957.170811	3537033.751052	0.3510
1598543835.662	118.756	31.957	665957.221920	3537033.898935	0.3508
1598543835.662	118.756	31.957	665957.271230	3537034.044378	0.3507
1598543835.762	118.756	31.957	665957.321044	3537034.192271	0.3505
1598543835.762	118.756	31.957	665957.367852	3537034.331890	0.3505
1598543835.862	118.756	31.957	665957.413209	3537034.468567	0.3505
1598543835.863	118.756	31.957	665957.458773	3537034.604614	0.3505
1598543835.962	118.756	31.957	665957.500752	3537034.732130	0.3504
1598543835.962	118.756	31.957	665957.542926	3537034.858984	0.3501
1598543836.062	118.756	31.957	665957.585299	3537034.985273	0.3498
1598543836.062	118.756	31.957	665957.626103	3537035.106704	0.3496
1598543836.162	118.756	31.957	665957.665398	3537035.228329	0.3495
1598543836.162	118.756	31.957	665957.705713	3537035.346195	0.3494
1598543836.262	118.756	31.957	665957.743716	3537035.454782	0.3494
1598543836.262	118.756	31.957	665957.780617	3537035.564997	0.3493
1598543836.362	118.756	31.957	665957.816793	3537035.674926	0.3493
1598543836.362	118.756	31.957	665957.851623	3537035.780113	0.3492
1598543836.462	118.756	31.957	665957.885748	3537035.882956	0.3492
1598543836.462	118.756	31.957	665957.920357	3537035.985290	0.3490
1598543836.563	118.756	31.957	665957.952786	3537036.083995	0.3487
1598543836.563	118.756	31.957	665957.986772	3537036.179438	0.3486
1598543836.662	118.756	31.957	665958.017791	3537036.270564	0.3485
1598543836.662	118.756	31.957	665958.046980	3537036.358595	0.3487
1598543836.763	118.756	31.957	665958.076125	3537036.445276	0.3488
1598543836.763	118.756	31.957	665958.104666	3537036.527742	0.3489
1598543836.863	118.756	31.957	665958.132902	3537036.607859	0.3488
1598543836.863	118.756	31.957	665958.161363	3537036.686992	0.3484
1598543836.962	118.756	31.957	665958.188620	3537036.761491	0.3482
1598543836.962	118.756	31.957	665958.214804	3537036.833477	0.3479
1598543837.062	118.756	31.957	665958.239900	3537036.903894	0.3478
1598543837.062	118.756	31.957	665958.262727	3537036.969915	0.3476
1598543837.162	118.756	31.957	665958.285509	3537037.036706	0.3473
1598543837.162	118.756	31.957	665958.306219	3537037.096562	0.3470
1598543837.262	118.756	31.957	665958.326370	3537037.155735	0.3467
1598543837.262	118.756	31.957	665958.345830	3537037.214698	0.3465
1598543837.362	118.756	31.957	665958.364236	3537037.272130	0.3462
1598543837.362	118.756	31.957	665958.381973	3537037.327260	0.3460
1598543837.462	118.756	31.957	665958.399978	3537037.381652	0.3458
1598543837.462	118.756	31.957	665958.418100	3537037.435784	0.3456
1598543837.562	118.756	31.957	665958.435348	3537037.486965	0.3454
1598543837.562	118.756	31.957	665958.452384	3537037.538307	0.3452
1598543837.662	118.756	31.957	665958.469438	3537037.590513	0.3450
1598543837.662	118.756	31.957	665958.486421	3537037.642828	0.3449
1598543837.762	118.756	31.957	665958.503270	3537037.693362	0.3448
1598543837.763	118.756	31.957	665958.519668	3537037.742339	0.3445
1598543837.863	118.756	31.957	665958.536342	3537037.790702	0.3441
1598543837.863	118.756	31.957	665958.553432	3537037.840256	0.3438
1598543837.962	118.756	31.957	665958.569831	3537037.888714	0.3435
1598543837.963	118.756	31.957	665958.586325	3537037.936905	0.3432
1598543838.062	118.756	31.957	665958.603524	3537037.985858	0.3429
1598543838.062	118.756	31.957	665958.620236	3537038.033926	0.3424
1598543838.162	118.756	31.957	665958.636561	3537038.081978	0.3419
1598543838.162	118.756	31.957	665958.652747	3537038.129699	0.3413
1598543838.263	118.756	31.957	665958.669393	3537038.176520	0.3406
1598543838.263	118.756	31.957	665958.685386	3537038.223767	0.3400
1598543838.362	118.756	31.957	665958.700823	3537038.271747	0.3391
1598543838.362	118.756	31.957	665958.718941	3537038.319484	0.3382
1598543838.462	118.756	31.957	665958.735541	3537038.368000	0.3372
1598543838.462	118.756	31.957	665958.751283	3537038.417389	0.3363
1598543838.563	118.756	31.957	665958.765878	3537038.465931	0.3356
1598543838.563	118.756	31.957	665958.779495	3537038.514522	0.3351
1598543838.662	118.756	31.957	665958.793663	3537038.563606	0.3345
1598543838.663	118.756	31.957	665958.808906	3537038.611595	0.3337
1598543838.762	118.756	31.957	665958.824528	3537038.660942	0.3327
1598543838.762	118.756	31.957	665958.839852	3537038.709487	0.3318
1598543838.863	118.756	31.957	665958.855428	3537038.758423	0.3310
1598543838.863	118.756	31.957	665958.871163	3537038.808804	0.3305
1598543838.962	118.756	31.957	665958.887082	3537038.857741	0.3299
1598543838.962	118.756	31.957	665958.902457	3537038.906708	0.3291
1598543839.062	118.756	31.957	665958.919476	3537038.955793	0.3281
1598543839.062	118.756	31.957	665958.936298	3537039.003837	0.3272
1598543839.163	118.756	31.957	665958.952202	3537039.051275	0.3265
1598543839.163	118.756	31.957	665958.967363	3537039.099306	0.3260
1598543839.262	118.756	31.957	665958.980163	3537039.148802	0.3255
1598543839.262	118.756	31.957	665958.993845	3537039.195758	0.3249
1598543839.362	118.756	31.957	665959.007778	3537039.242856	0.3242
1598543839.362	118.756	31.957	665959.020978	3537039.287719	0.3235
1598543839.462	118.756	31.957	665959.033440	3537039.331522	0.3229
1598543839.463	118.756	31.957	665959.045647	3537039.374851	0.3223
1598543839.563	118.756	31.957	665959.057478	3537039.416440	0.3218
1598543839.563	118.756	31.957	665959.068403	3537039.456056	0.3212
1598543839.662	118.756	31.957	665959.078899	3537039.495001	0.3206
1598543839.663	118.756	31.957	665959.088697	3537039.531566	0.3201
1598543839.762	118.756	31.957	665959.097977	3537039.566375	0.3196
1598543839.762	118.756	31.957	665959.107338	3537039.600637	0.3191
1598543839.863	118.756	31.957	665959.115770	3537039.632266	0.3186
1598543839.863	118.756	31.957	665959.123976	3537039.663637	0.3182
1598543839.963	118.756	31.957	665959.131411	3537039.691798	0.3177
1598543839.963	118.756	31.957	665959.139077	3537039.720938	0.3171
1598543840.062	118.756	31.957	665959.146950	3537039.750607	0.3168
1598543840.063	118.756	31.957	665959.154517	3537039.778832	0.3164
1598543840.163	118.756	31.957	665959.161984	3537039.806377	0.3160
1598543840.163	118.756	31.957	665959.170358	3537039.837494	0.3156
1598543840.263	118.756	31.957	665959.178154	3537039.862920	0.3151
1598543840.263	118.756	31.957	665959.186208	3537039.890382	0.3147
1598543840.362	118.756	31.957	665959.194361	3537039.918829	0.3142
1598543840.363	118.756	31.957	665959.202695	3537039.947281	0.3137
1598543840.463	118.756	31.957	665959.211007	3537039.976184	0.3133
1598543840.463	118.756	31.957	665959.219643	3537040.005929	0.3128
1598543840.563	118.756	31.957	665959.228194	3537040.035742	0.3124
1598543840.563	118.756	31.957	665959.237485	3537040.065696	0.3119
1598543840.663	118.756	31.957	665959.247199	3537040.097593	0.3114
1598543840.663	118.756	31.957	665959.256729	3537040.129150	0.3110
1598543840.763	118.756	31.957	665959.266446	3537040.160947	0.3106
1598543840.763	118.756	31.957	665959.276118	3537040.193881	0.3102
1598543840.863	118.756	31.957	665959.286109	3537040.227678	0.3097
1598543840.863	118.756	31.957	665959.295669	3537040.260650	0.3093
1598543840.963	118.756	31.957	665959.304968	3537040.292691	0.3089
1598543840.963	118.756	31.957	665959.314688	3537040.326089	0.3084
1598543841.063	118.756	31.957	665959.324998	3537040.360557	0.3081
1598543841.063	118.756	31.957	665959.334794	3537040.394964	0.3076
1598543841.163	118.756	31.957	665959.344536	3537040.427978	0.3071
1598543841.163	118.756	31.957	665959.354463	3537040.461532	0.3066
1598543841.263	118.756	31.957	665959.363963	3537040.496621	0.3062
1598543841.263	118.756	31.957	665959.373677	3537040.531599	0.3058
1598543841.363	118.756	31.957	665959.382921	3537040.569491	0.3053
1598543841.363	118.756	31.957	665959.392288	3537040.604635	0.3048
1598543841.463	118.756	31.957	665959.401738	3537040.639699	0.3043
1598543841.463	118.756	31.957	665959.411794	3537040.674701	0.3038
1598543841.563	118.756	31.957	665959.421704	3537040.708474	0.3034
1598543841.563	118.756	31.957	665959.431154	3537040.741547	0.3029
1598543841.663	118.756	31.957	665959.440438	3537040.774566	0.3025
1598543841.663	118.756	31.957	665959.448873	3537040.806360	0.3021
1598543841.763	118.756	31.957	665959.457189	3537040.837706	0.3016
1598543841.763	118.756	31.957	665959.465560	3537040.869074	0.3012
1598543841.863	118.756	31.957	665959.473345	3537040.898712	0.3008
1598543841.863	118.756	31.957	665959.480613	3537040.926896	0.3004
1598543841.963	118.756	31.957	665959.487748	3537040.954772	0.3000
1598543841.963	118.756	31.957	665959.494326	3537040.980083	0.2996
1598543842.063	118.756	31.957	665959.501209	3537041.005813	0.2993
1598543842.063	118.756	31.957	665959.508021	3537041.030084	0.2990
1598543842.163	118.756	31.957	665959.514421	3537041.054464	0.2987
1598543842.163	118.756	31.957	665959.521502	3537041.078336	0.2984
1598543842.263	118.756	31.957	665959.527936	3537041.100445	0.2980
1598543842.263	118.756	31.957	665959.533792	3537041.122111	0.2977
1598543842.363	118.756	31.957	665959.538858	3537041.140132	0.2973
1598543842.363	118.756	31.957	665959.544233	3537041.160063	0.2970
1598543842.463	118.756	31.957	665959.549567	3537041.180156	0.2967
1598543842.463	118.756	31.957	665959.555077	3537041.201143	0.2963
1598543842.563	118.756	31.957	665959.561343	3537041.224145	0.2960
1598543842.563	118.756	31.957	665959.566527	3537041.242275	0.2956
1598543842.663	118.756	31.957	665959.573278	3537041.262911	0.2953
1598543842.663	118.756	31.957	665959.580113	3537041.283561	0.2950
1598543842.763	118.756	31.957	665959.587035	3537041.304149	0.2947
1598543842.763	118.756	31.957	665959.593914	3537041.325126	0.2944
1598543842.863	118.756	31.957	665959.600398	3537041.345660	0.2942
1598543842.863	118.756	31.957	665959.605698	3537041.363342	0.2939
1598543842.963	118.756	31.957	665959.611250	3537041.382502	0.2937
1598543842.963	118.756	31.957	665959.616309	3537041.399886	0.2936
1598543843.063	118.756	31.957	665959.622060	3537041.422096	0.2934
1598543843.063	118.756	31.957	665959.626580	3537041.437398	0.2934
1598543843.163	118.756	31.957	665959.628332	3537041.444608	0.2933
1598543843.163	118.756	31.957	665959.631929	3537041.456504	0.2931
1598543843.263	118.756	31.957	665959.637631	3537041.470959	0.2931
1598543843.263	118.756	31.957	665959.639976	3537041.478192	0.2930
1598543843.363	118.756	31.957	665959.641231	3537041.482441	0.2929
1598543843.363	118.756	31.957	665959.641288	3537041.483890	0.2929
1598543843.463	118.756	31.957	665959.640522	3537041.482950	0.2928
1598543843.463	118.756	31.957	665959.639260	3537041.480333	0.2928
1598543843.563	118.756	31.957	665959.636939	3537041.474367	0.2927
1598543843.563	118.756	31.957	665959.634127	3537041.467456	0.2927
1598543843.663	118.756	31.957	665959.631678	3537041.460657	0.2927
1598543843.663	118.756	31.957	665959.629985	3537041.454633	0.2926
1598543843.763	118.756	31.957	665959.628199	3537041.447952	0.2925
1598543843.763	118.756	31.957	665959.626528	3537041.442007	0.2925
1598543843.863	118.756	31.957	665959.625350	3537041.437174	0.2925
1598543843.863	118.756	31.957	665959.624708	3537041.433030	0.2924
1598543843.963	118.756	31.957	665959.624479	3537041.429487	0.2924
1598543843.963	118.756	31.957	665959.624097	3537041.426949	0.2923
1598543844.063	118.756	31.957	665959.624165	3537041.425622	0.2923
1598543844.063	118.756	31.957	665959.623705	3537041.423278	0.2925
1598543844.163	118.756	31.957	665959.623280	3537041.421045	0.2925
1598543844.163	118.756	31.957	665959.623351	3537041.419799	0.2924
1598543844.263	118.756	31.957	665959.623691	3537041.420534	0.2924
1598543844.263	118.756	31.957	665959.623896	3537041.421017	0.2924
1598543844.363	118.756	31.957	665959.624139	3537041.421455	0.2924
1598543844.363	118.756	31.957	665959.624380	3537041.421389	0.2924
1598543844.463	118.756	31.957	665959.624293	3537041.421973	0.2923
1598543844.463	118.756	31.957	665959.624263	3537041.422536	0.2923
1598543844.563	118.756	31.957	665959.624353	3537041.423104	0.2923
1598543844.563	118.756	31.957	665959.624269	3537041.423711	0.2923
1598543844.663	118.756	31.957	665959.623756	3537041.424894	0.2923
1598543844.663	118.756	31.957	665959.623781	3537041.425218	0.2922
1598543844.763	118.756	31.957	665959.623607	3537041.425492	0.2922
1598543844.763	118.756	31.957	665959.623851	3537041.425830	0.2922
1598543844.863	118.756	31.957	665959.623843	3537041.426217	0.2922
1598543844.863	118.756	31.957	665959.623764	3537041.426700	0.2921
1598543844.963	118.756	31.957	665959.623963	3537041.427176	0.2921
1598543844.963	118.756	31.957	665959.623689	3537041.427670	0.2921
1598543845.063	118.756	31.957	665959.623765	3537041.427963	0.2921
1598543845.063	118.756	31.957	665959.624189	3537041.428359	0.2922
1598543845.163	118.756	31.957	665959.624380	3537041.428437	0.2921
1598543845.163	118.756	31.957	665959.624581	3537041.428347	0.2921
1598543845.263	118.756	31.957	665959.624832	3537041.428478	0.2921
1598543845.263	118.756	31.957	665959.624954	3537041.428920	0.2921
1598543845.363	118.756	31.957	665959.625259	3537041.429451	0.2921
1598543845.363	118.756	31.957	665959.625505	3537041.429458	0.2920
1598543845.463	118.756	31.957	665959.625963	3537041.429803	0.2920
1598543845.463	118.756	31.957	665959.626465	3537041.430171	0.2920
1598543845.563	118.756	31.957	665959.626878	3537041.430490	0.2920
1598543845.563	118.756	31.957	665959.626952	3537041.430479	0.2919
1598543845.663	118.756	31.957	665959.626796	3537041.430325	0.2919
1598543845.663	118.756	31.957	665959.626899	3537041.430597	0.2919
1598543845.763	118.756	31.957	665959.627106	3537041.431017	0.2919
1598543845.763	118.756	31.957	665959.627588	3537041.430993	0.2919
1598543845.863	118.756	31.957	665959.627783	3537041.430793	0.2918
1598543845.863	118.756	31.957	665959.628084	3537041.430368	0.2918
1598543845.963	118.756	31.957	665959.628141	3537041.429930	0.2918
1598543845.963	118.756	31.957	665959.628054	3537041.429637	0.2918
1598543846.063	118.756	31.957	665959.627820	3537041.428887	0.2918
1598543846.063	118.756	31.957	665959.628156	3537041.429135	0.2917
1598543846.163	118.756	31.957	665959.628511	3537041.429402	0.2919
1598543846.163	118.756	31.957	665959.628569	3537041.429157	0.2918
1598543846.263	118.756	31.957	665959.628272	3537041.428235	0.2918
1598543846.263	118.756	31.957	665959.628507	3537041.427864	0.2918
1598543846.363	118.756	31.957	665959.628707	3537041.427758	0.2918
1598543846.363	118.756	31.957	665959.628706	3537041.427553	0.2918
1598543846.463	118.756	31.957	665959.628679	3537041.427293	0.2918
1598543846.463	118.756	31.957	665959.628360	3537041.427026	0.2917
1598543846.563	118.756	31.957	665959.628012	3537041.426830	0.2917
1598543846.563	118.756	31.957	665959.627951	3537041.426475	0.2917
1598543846.663	118.756	31.957	665959.627835	3537041.426115	0.2917
1598543846.663	118.756	31.957	665959.628053	3537041.426167	0.2916
1598543846.763	118.756	31.957	665959.628334	3537041.426227	0.2916
1598543846.763	118.756	31.957	665959.628415	3537041.426153	0.2916
1598543846.863	118.756	31.957	665959.628403	3537041.425868	0.2916
1598543846.863	118.756	31.957	665959.628315	3537041.425623	0.2916
1598543846.963	118.756	31.957	665959.628323	3537041.425765	0.2916
1598543846.963	118.756	31.957	665959.628437	3537041.425664	0.2915
1598543847.063	118.756	31.957	665959.628467	3537041.425510	0.2915
1598543847.063	118.756	31.957	665959.628287	3537041.425666	0.2915
1598543847.163	118.756	31.957	665959.628569	3537041.425790	0.2916
1598543847.163	118.756	31.957	665959.628274	3537041.426029	0.2916
1598543847.263	118.756	31.957	665959.627659	3537041.426237	0.2915
1598543847.263	118.756	31.957	665959.627564	3537041.426135	0.2915
1598543847.363	118.756	31.957	665959.627589	3537041.425874	0.2915
1598543847.363	118.756	31.957	665959.627473	3537041.425629	0.2915
1598543847.463	118.756	31.957	665959.627537	3537041.425364	0.2915
1598543847.463	118.756	31.957	665959.627599	3537041.425276	0.2914
1598543847.563	118.756	31.957	665959.627679	3537041.425238	0.2914
1598543847.563	118.756	31.957	665959.627721	3537041.425085	0.2914
1598543847.663	118.756	31.957	665959.627367	3537041.424717	0.2914
1598543847.663	118.756	31.957	665959.626745	3537041.424454	0.2914
1598543847.763	118.756	31.957	665959.626047	3537041.424352	0.2913
1598543847.763	118.756	31.957	665959.625577	3537041.424261	0.2913
1598543847.863	118.756	31.957	665959.625665	3537041.424336	0.2913
1598543847.863	118.756	31.957	665959.625613	3537041.424527	0.2913
1598543847.963	118.756	31.957	665959.625394	3537041.424737	0.2912
1598543847.963	118.756	31.957	665959.625402	3537041.424599	0.2912
1598543848.063	118.756	31.957	665959.625566	3537041.424862	0.2912
1598543848.063	118.756	31.957	665959.625667	3537041.425241	0.2912
1598543848.163	118.756	31.957	665959.625772	3537041.425424	0.2913
1598543848.163	118.756	31.957	665959.625904	3537041.425578	0.2913
1598543848.263	118.756	31.957	665959.626080	3537041.426016	0.2913
1598543848.263	118.756	31.957	665959.626017	3537041.426576	0.2913
1598543848.363	118.756	31.957	665959.626148	3537041.427158	0.2912
1598543848.363	118.756	31.957	665959.626312	3537041.427620	0.2912
1598543848.463	118.756	31.957	665959.626231	3537041.427928	0.2912
1598543848.463	118.756	31.957	665959.625765	3537041.428132	0.2912
1598543848.563	118.756	31.957	665959.625896	3537041.428551	0.2912
1598543848.563	118.756	31.957	665959.625161	3537041.428150	0.2912
1598543848.663	118.756	31.957	665959.625095	3537041.427880	0.2912
1598543848.663	118.756	31.957	665959.624723	3537041.427418	0.2912
1598543848.763	118.756	31.957	665959.624337	3537041.426784	0.2911
1598543848.763	118.756	31.957	665959.624151	3537041.426186	0.2911
1598543848.863	118.756	31.957	665959.623860	3537041.425964	0.2911
1598543848.863	118.756	31.957	665959.623638	3537041.425900	0.2911
1598543848.963	118.756	31.957	665959.623555	3537041.425839	0.2911
1598543848.963	118.756	31.957	665959.623355	3537041.425820	0.2911
1598543849.063	118.756	31.957	665959.623214	3537041.425884	0.2910
1598543849.063	118.756	31.957	665959.623078	3537041.425621	0.2910
1598543849.163	118.756	31.957	665959.623046	3537041.425591	0.2911
1598543849.163	118.756	31.957	665959.622981	3537041.425390	0.2911
1598543849.263	118.756	31.957	665959.623016	3537041.425445	0.2911
1598543849.263	118.756	31.957	665959.623147	3537041.425357	0.2911
1598543849.363	118.756	31.957	665959.623089	3537041.425108	0.2911
1598543849.363	118.756	31.957	665959.623134	3537041.425010	0.2911
1598543849.463	118.756	31.957	665959.623080	3537041.424979	0.2911
1598543849.463	118.756	31.957	665959.622954	3537041.425010	0.2910
1598543849.563	118.756	31.957	665959.622840	3537041.425084	0.2910
1598543849.563	118.756	31.957	665959.622934	3537041.424806	0.2910
1598543849.663	118.756	31.957	665959.623054	3537041.424517	0.2910
1598543849.663	118.756	31.957	665959.622816	3537041.424291	0.2910
1598543849.763	118.756	31.957	665959.622555	3537041.424150	0.2910
1598543849.763	118.756	31.957	665959.622609	3537041.424067	0.2909
1598543849.863	118.756	31.957	665959.622882	3537041.424205	0.2909
1598543849.863	118.756	31.957	665959.623042	3537041.423996	0.2909
1598543849.963	118.756	31.957	665959.623143	3537041.423669	0.2909
1598543849.963	118.756	31.957	665959.623120	3537041.423445	0.2908
1598543850.063	118.756	31.957	665959.623095	3537041.423456	0.2908
1598543850.063	118.756	31.957	665959.623048	3537041.423674	0.2908
1598543850.163	118.756	31.957	665959.623158	3537041.423630	0.2908
1598543850.163	118.756	31.957	665959.623130	3537041.423787	0.2909
1598543850.263	118.756	31.957	665959.623368	3537041.424484	0.2909
1598543850.263	118.756	31.957	665959.623675	3537041.424593	0.2909
1598543850.363	118.756	31.957	665959.623958	3537041.424575	0.2909
1598543850.363	118.756	31.957	665959.624112	3537041.424481	0.2908
1598543850.463	118.756	31.957	665959.624209	3537041.424252	0.2908
1598543850.463	118.756	31.957	665959.624327	3537041.424299	0.2908
1598543850.563	118.756	31.957	665959.624574	3537041.424347	0.2908
1598543850.563	118.756	31.957	665959.624725	3537041.424613	0.2908
1598543850.663	118.756	31.957	665959.624835	3537041.424820	0.2908
1598543850.663	118.756	31.957	665959.624606	3537041.424736	0.2908
1598543850.763	118.756	31.957	665959.624263	3537041.424532	0.2907
1598543850.763	118.756	31.957	665959.624449	3537041.424363	0.2907
1598543850.863	118.756	31.957	665959.624702	3537041.424397	0.2907
1598543850.863	118.756	31.957	665959.624936	3537041.424467	0.2907
1598543850.963	118.756	31.957	665959.625082	3537041.424506	0.2907
1598543850.963	118.756	31.957	665959.625110	3537041.424310	0.2907
1598543851.063	118.756	31.957	665959.625108	3537041.424094	0.2907
1598543851.063	118.756	31.957	665959.625100	3537041.423822	0.2906
1598543851.163	118.756	31.957	665959.625351	3537041.423733	0.2906
1598543851.163	118.756	31.957	665959.625353	3537041.423475	0.2907
1598543851.263	118.756	31.957	665959.625331	3537041.423423	0.2907
1598543851.263	118.756	31.957	665959.625347	3537041.423207	0.2907
1598543851.363	118.756	31.957	665959.625304	3537041.423004	0.2906
1598543851.363	118.756	31.957	665959.625313	3537041.423303	0.2906
1598543851.463	118.756	31.957	665959.625184	3537041.423701	0.2906
1598543851.463	118.756	31.957	665959.624901	3537041.423701	0.2905
1598543851.563	118.756	31.957	665959.624585	3537041.423601	0.2905
1598543851.563	118.756	31.957	665959.624245	3537041.423482	0.2905
1598543851.663	118.756	31.957	665959.624153	3537041.423327	0.2905
1598543851.663	118.756	31.957	665959.624229	3537041.423290	0.2905
1598543851.763	118.756	31.957	665959.624339	3537041.423202	0.2904
1598543851.763	118.756	31.957	665959.624568	3537041.423122	0.2904
1598543851.863	118.756	31.957	665959.624584	3537041.422682	0.2904
1598543851.863	118.756	31.957	665959.624628	3537041.422446	0.2904
1598543851.963	118.756	31.957	665959.624658	3537041.422177	0.2904
1598543851.963	118.756	31.957	665959.624697	3537041.421999	0.2904
1598543852.063	118.756	31.957	665959.624962	3537041.421869	0.2904
1598543852.063	118.756	31.957	665959.625033	3537041.421712	0.2904
1598543852.163	118.756	31.957	665959.625264	3537041.421481	0.2904
1598543852.163	118.756	31.957	665959.625302	3537041.421230	0.2905
