1598543936.516	118.757	31.960	666001.599992	3537358.824440	0.1029
1598543936.616	118.757	31.960	666001.624911	3537359.045692	0.1030
1598543936.716	118.757	31.960	666001.647606	3537359.268863	0.1032
1598543936.817	118.757	31.960	666001.670479	3537359.492589	0.1034
1598543936.916	118.757	31.960	666001.681137	3537359.603694	0.1034
1598543936.916	118.757	31.960	666001.691348	3537359.715100	0.1034
1598543937.016	118.757	31.960	666001.702132	3537359.829471	0.1035
1598543937.016	118.757	31.960	666001.713130	3537359.941055	0.1036
1598543937.116	118.757	31.960	666001.723642	3537360.054417	0.1038
1598543937.116	118.757	31.960	666001.733871	3537360.170110	0.1039
1598543937.216	118.757	31.960	666001.744051	3537360.283550	0.1040
1598543937.216	118.757	31.960	666001.754907	3537360.396135	0.1040
1598543937.316	118.757	31.960	666001.766099	3537360.511332	0.1041
1598543937.316	118.757	31.960	666001.777088	3537360.624346	0.1042
1598543937.416	118.757	31.960	666001.788069	3537360.737918	0.1044
1598543937.416	118.757	31.960	666001.799025	3537360.853591	0.1045
1598543937.516	118.757	31.960	666001.810160	3537360.966402	0.1046
1598543937.516	118.757	31.960	666001.821339	3537361.079191	0.1046
1598543937.616	118.757	31.960	666001.832872	3537361.194997	0.1047
1598543937.616	118.757	31.960	666001.844370	3537361.308559	0.1049
1598543937.716	118.757	31.960	666001.856090	3537361.421984	0.1051
1598543937.716	118.757	31.960	666001.868186	3537361.537796	0.1052
1598543937.816	118.757	31.960	666001.879923	3537361.651500	0.1052
1598543937.816	118.757	31.960	666001.891100	3537361.765637	0.1053
1598543937.916	118.757	31.960	666001.902078	3537361.881823	0.1053
1598543937.916	118.757	31.960	666001.912757	3537361.995791	0.1054
1598543938.016	118.757	31.960	666001.923514	3537362.111904	0.1056
1598543938.016	118.757	31.960	666001.933965	3537362.226082	0.1057
1598543938.116	118.757	31.960	666001.945003	3537362.340449	0.1058
1598543938.117	118.757	31.960	666001.956422	3537362.457366	0.1058
1598543938.216	118.757	31.960	666001.967202	3537362.572176	0.1058
1598543938.216	118.757	31.960	666001.978108	3537362.687451	0.1059
1598543938.316	118.757	31.960	666001.988362	3537362.805085	0.1060
1598543938.316	118.757	31.960	666001.998486	3537362.920225	0.1061
1598543938.416	118.757	31.960	666002.009455	3537363.035485	0.1061
1598543938.416	118.757	31.960	666002.020793	3537363.153482	0.1061
1598543938.516	118.757	31.960	666002.031532	3537363.269252	0.1061
1598543938.516	118.757	31.960	666002.042355	3537363.384899	0.1062
1598543938.616	118.757	31.960	666002.053891	3537363.501981	0.1063
1598543938.616	118.757	31.960	666002.065839	3537363.617175	0.1063
1598543938.716	118.757	31.960	666002.077909	3537363.733140	0.1063
1598543938.716	118.757	31.960	666002.090206	3537363.851713	0.1063
1598543938.816	118.757	31.960	666002.101796	3537363.968095	0.1063
1598543938.816	118.757	31.960	666002.112841	3537364.084265	0.1063
1598543938.916	118.757	31.960	666002.124055	3537364.202042	0.1064
1598543938.916	118.757	31.960	666002.135029	3537364.317551	0.1064
1598543939.016	118.757	31.960	666002.146529	3537364.432901	0.1063
1598543939.016	118.757	31.960	666002.158411	3537364.549759	0.1061
1598543939.117	118.757	31.960	666002.170290	3537364.664627	0.1060
1598543939.117	118.757	31.960	666002.182007	3537364.782025	0.1059
1598543939.216	118.757	31.960	666002.193083	3537364.896840	0.1059
1598543939.216	118.757	31.960	666002.203643	3537365.011740	0.1058
1598543939.316	118.757	31.960	666002.215118	3537365.128764	0.1058
1598543939.316	118.757	31.960	666002.226275	3537365.243199	0.1057
1598543939.416	118.757	31.960	666002.237748	3537365.356903	0.1056
1598543939.416	118.757	31.960	666002.249072	3537365.471900	0.1055
1598543939.516	118.757	31.960	666002.259304	3537365.585037	0.1055
1598543939.516	118.757	31.960	666002.269456	3537365.698108	0.1054
1598543939.616	118.757	31.960	666002.280153	3537365.812533	0.1053
1598543939.616	118.757	31.960	666002.290471	3537365.923711	0.1052
1598543939.716	118.757	31.960	666002.301130	3537366.035531	0.1051
1598543939.716	118.757	31.960	666002.311747	3537366.148352	0.1051
1598543939.816	118.757	31.960	666002.322425	3537366.258459	0.1051
1598543939.816	118.757	31.960	666002.333042	3537366.368887	0.1051
1598543939.916	118.757	31.960	666002.343492	3537366.481582	0.1051
1598543939.916	118.757	31.960	666002.353614	3537366.591287	0.1050
1598543940.016	118.757	31.960	666002.364058	3537366.699601	0.1049
1598543940.016	118.757	31.960	666002.374835	3537366.810922	0.1049
1598543940.116	118.757	31.960	666002.385068	3537366.919263	0.1049
1598543940.116	118.757	31.960	666002.395270	3537367.028066	0.1050
1598543940.216	118.757	31.960	666002.405581	3537367.137958	0.1050
1598543940.216	118.757	31.960	666002.416463	3537367.244808	0.1050
1598543940.316	118.757	31.960	666002.427704	3537367.353814	0.1050
1598543940.316	118.757	31.960	666002.438664	3537367.460251	0.1050
1598543940.417	118.757	31.960	666002.449306	3537367.566550	0.1051
1598543940.417	118.757	31.960	666002.460723	3537367.674843	0.1051
1598543940.516	118.757	31.960	666002.471677	3537367.780090	0.1051
1598543940.516	118.757	31.960	666002.482352	3537367.885040	0.1051
1598543940.616	118.757	31.960	666002.492374	3537367.992062	0.1051
1598543940.616	118.757	31.960	666002.502322	3537368.096399	0.1052
1598543940.716	118.757	31.960	666002.512346	3537368.200568	0.1051
1598543940.717	118.757	31.960	666002.522330	3537368.306597	0.1051
1598543940.816	118.757	31.960	666002.531702	3537368.409976	0.1051
1598543940.816	118.757	31.960	666002.541658	3537368.513302	0.1053
1598543940.916	118.757	31.960	666002.552520	3537368.619008	0.1054
1598543940.916	118.757	31.960	666002.562926	3537368.722435	0.1055
1598543941.016	118.757	31.960	666002.572845	3537368.824710	0.1055
1598543941.016	118.757	31.960	666002.582114	3537368.928794	0.1056
1598543941.116	118.757	31.960	666002.591315	3537369.030637	0.1057
1598543941.116	118.757	31.960	666002.601082	3537369.133040	0.1058
1598543941.216	118.757	31.960	666002.610619	3537369.236493	0.1059
1598543941.216	118.757	31.960	666002.621333	3537369.337881	0.1060
1598543941.316	118.757	31.960	666002.631727	3537369.439648	0.1061
1598543941.316	118.757	31.960	666002.641912	3537369.542744	0.1061
1598543941.417	118.757	31.960	666002.651922	3537369.642650	0.1061
1598543941.417	118.757	31.960	666002.661786	3537369.744298	0.1062
1598543941.516	118.757	31.960	666002.671972	3537369.843653	0.1062
1598543941.516	118.757	31.960	666002.682060	3537369.942570	0.1062
1598543941.616	118.757	31.960	666002.692309	3537370.043739	0.1062
1598543941.616	118.757	31.960	666002.701713	3537370.142774	0.1062
1598543941.716	118.757	31.960	666002.710547	3537370.238615	0.1062
1598543941.717	118.757	31.960	666002.719798	3537370.339453	0.1062
1598543941.816	118.757	31.960	666002.728994	3537370.437963	0.1062
1598543941.816	118.757	31.960	666002.737267	3537370.537373	0.1062
1598543941.916	118.757	31.960	666002.746914	3537370.637911	0.1062
1598543941.916	118.757	31.960	666002.756153	3537370.737243	0.1062
1598543942.016	118.757	31.960	666002.765351	3537370.836400	0.1063
1598543942.017	118.757	31.960	666002.774293	3537370.937066	0.1063
1598543942.116	118.757	31.960	666002.783013	3537371.035838	0.1063
1598543942.116	118.757	31.960	666002.792200	3537371.134119	0.1063
1598543942.216	118.757	31.960	666002.801627	3537371.234268	0.1063
1598543942.216	118.757	31.960	666002.810826	3537371.332692	0.1062
1598543942.316	118.757	31.960	666002.819166	3537371.432092	0.1062
1598543942.316	118.757	31.960	666002.827212	3537371.532743	0.1063
1598543942.416	118.757	31.960	666002.835329	3537371.631111	0.1063
1598543942.416	118.757	31.960	666002.843781	3537371.729478	0.1063
1598543942.516	118.757	31.960	666002.852030	3537371.829335	0.1062
1598543942.516	118.757	31.960	666002.860389	3537371.926880	0.1061
1598543942.616	118.757	31.960	666002.869987	3537372.025967	0.1060
1598543942.616	118.757	31.960	666002.878991	3537372.123311	0.1058
1598543942.717	118.757	31.960	666002.887764	3537372.219901	0.1057
1598543942.717	118.757	31.960	666002.896911	3537372.318188	0.1056
1598543942.816	118.757	31.960	666002.905796	3537372.414690	0.1055
1598543942.816	118.757	31.960	666002.914411	3537372.511432	0.1053
1598543942.916	118.757	31.960	666002.924081	3537372.609588	0.1052
1598543942.916	118.757	31.960	666002.933718	3537372.705610	0.1051
1598543943.016	118.757	31.960	666002.942923	3537372.801206	0.1049
1598543943.017	118.757	31.960	666002.951807	3537372.898353	0.1048
1598543943.116	118.757	31.960	666002.960367	3537372.993779	0.1047
1598543943.116	118.757	31.960	666002.969036	3537373.089395	0.1046
1598543943.216	118.757	31.960	666002.977581	3537373.186884	0.1045
1598543943.216	118.757	31.960	666002.986136	3537373.282435	0.1044
1598543943.316	118.757	31.960	666002.995316	3537373.377779	0.1042
1598543943.316	118.757	31.960	666003.004518	3537373.474795	0.1040
1598543943.416	118.757	31.960	666003.013366	3537373.569084	0.1039
1598543943.417	118.757	31.960	666003.021876	3537373.663398	0.1039
1598543943.516	118.757	31.960	666003.030387	3537373.759596	0.1039
1598543943.516	118.757	31.960	666003.038802	3537373.853822	0.1038
1598543943.616	118.757	31.960	666003.047140	3537373.947954	0.1036
1598543943.616	118.757	31.960	666003.056156	3537374.043202	0.1033
1598543943.717	118.757	31.960	666003.064466	3537374.135452	0.1031
1598543943.717	118.757	31.960	666003.072926	3537374.229371	0.1031
1598543943.816	118.757	31.960	666003.081466	3537374.320396	0.1031
1598543943.817	118.757	31.960	666003.090433	3537374.410285	0.1030
1598543943.916	118.757	31.960	666003.099077	3537374.502921	0.1030
1598543943.916	118.757	31.960	666003.107396	3537374.593435	0.1029
1598543944.017	118.757	31.960	666003.116127	3537374.682916	0.1028
1598543944.017	118.757	31.960	666003.125687	3537374.773550	0.1027
1598543944.116	118.757	31.960	666003.134979	3537374.861907	0.1026
1598543944.116	118.757	31.960	666003.143659	3537374.950395	0.1026
1598543944.216	118.757	31.960	666003.152376	3537375.040183	0.1026
1598543944.216	118.757	31.960	666003.159423	3537375.127998	0.1026
1598543944.316	118.757	31.960	666003.168148	3537375.214502	0.1026
1598543944.317	118.757	31.960	666003.177606	3537375.301627	0.1025
1598543944.416	118.757	31.960	666003.185810	3537375.387352	0.1024
1598543944.416	118.757	31.960	666003.194251	3537375.473649	0.1024
1598543944.516	118.757	31.960	666003.203769	3537375.561323	0.1023
1598543944.516	118.757	31.960	666003.212989	3537375.646741	0.1023
1598543944.616	118.757	31.960	666003.221267	3537375.731890	0.1023
1598543944.617	118.757	31.960	666003.228828	3537375.817648	0.1024
1598543944.716	118.757	31.960	666003.236921	3537375.900175	0.1025
1598543944.717	118.757	31.960	666003.245509	3537375.982165	0.1026
1598543944.816	118.757	31.960	666003.253489	3537376.065284	0.1025
1598543944.817	118.757	31.960	666003.260345	3537376.145660	0.1023
1598543944.916	118.757	31.960	666003.266332	3537376.225740	0.1022
1598543944.916	118.757	31.960	666003.271982	3537376.306950	0.1022
1598543945.017	118.757	31.960	666003.277297	3537376.384610	0.1022
1598543945.017	118.757	31.960	666003.283779	3537376.464866	0.1022
1598543945.116	118.757	31.960	666003.289784	3537376.540685	0.1022
1598543945.116	118.757	31.960	666003.296765	3537376.616046	0.1022
1598543945.216	118.757	31.960	666003.302756	3537376.692320	0.1023
1598543945.216	118.757	31.960	666003.304448	3537376.766725	0.1024
1598543945.317	118.757	31.960	666003.308796	3537376.841580	0.1026
1598543945.317	118.757	31.960	666003.314268	3537376.917420	0.1026
1598543945.416	118.757	31.960	666003.320777	3537376.991011	0.1025
1598543945.416	118.757	31.960	666003.327269	3537377.063557	0.1023
1598543945.516	118.757	31.960	666003.333070	3537377.136296	0.1022
1598543945.517	118.757	31.960	666003.338483	3537377.207227	0.1024
1598543945.617	118.757	31.960	666003.344302	3537377.277952	0.1028
1598543945.617	118.757	31.960	666003.351731	3537377.349475	0.1031
1598543945.717	118.757	31.960	666003.360383	3537377.418586	0.1032
1598543945.717	118.757	31.960	666003.369607	3537377.487144	0.1029
1598543945.816	118.757	31.960	666003.377920	3537377.556360	0.1026
1598543945.816	118.757	31.960	666003.385035	3537377.622810	0.1026
1598543945.917	118.757	31.960	666003.391087	3537377.689902	0.1028
1598543945.917	118.757	31.960	666003.397243	3537377.757214	0.1033
1598543946.016	118.757	31.960	666003.404035	3537377.822960	0.1036
1598543946.017	118.757	31.960	666003.411476	3537377.888289	0.1037
1598543946.116	118.757	31.960	666003.418636	3537377.954563	0.1034
1598543946.117	118.757	31.960	666003.425855	3537378.018614	0.1029
1598543946.216	118.757	31.960	666003.432830	3537378.083061	0.1026
1598543946.217	118.757	31.960	666003.436148	3537378.145879	0.1028
1598543946.317	118.757	31.960	666003.440310	3537378.207595	0.1032
1598543946.317	118.757	31.960	666003.445643	3537378.269473	0.1034
1598543946.416	118.757	31.960	666003.451178	3537378.329941	0.1033
1598543946.416	118.757	31.960	666003.456681	3537378.390514	0.1031
1598543946.517	118.757	31.960	666003.462002	3537378.451864	0.1030
1598543946.517	118.757	31.960	666003.467236	3537378.511344	0.1030
1598543946.617	118.757	31.960	666003.472969	3537378.569535	0.1030
1598543946.617	118.757	31.960	666003.479453	3537378.627166	0.1031
1598543946.716	118.757	31.960	666003.485179	3537378.682168	0.1031
1598543946.717	118.757	31.960	666003.490174	3537378.736701	0.1032
1598543946.816	118.757	31.960	666003.495012	3537378.791983	0.1033
1598543946.817	118.757	31.960	666003.502227	3537378.844667	0.1034
1598543946.917	118.757	31.960	666003.506588	3537378.897411	0.1034
1598543946.917	118.757	31.960	666003.512113	3537378.949791	0.1034
1598543947.017	118.757	31.960	666003.517302	3537379.000496	0.1034
1598543947.017	118.757	31.960	666003.521838	3537379.050197	0.1035
1598543947.116	118.757	31.960	666003.525908	3537379.099809	0.1037
1598543947.117	118.757	31.960	666003.529998	3537379.149216	0.1038
1598543947.216	118.757	31.960	666003.534270	3537379.198065	0.1038
1598543947.217	118.757	31.960	666003.537344	3537379.243074	0.1037
1598543947.317	118.757	31.960	666003.540439	3537379.288177	0.1035
1598543947.317	118.757	31.960	666003.543189	3537379.333538	0.1035
1598543947.417	118.757	31.960	666003.546375	3537379.377576	0.1036
1598543947.417	118.757	31.960	666003.550330	3537379.421254	0.1037
1598543947.517	118.757	31.960	666003.554609	3537379.465763	0.1037
1598543947.517	118.757	31.960	666003.558973	3537379.509090	0.1037
1598543947.617	118.757	31.960	666003.563958	3537379.551631	0.1035
1598543947.617	118.757	31.960	666003.568520	3537379.594373	0.1034
1598543947.716	118.757	31.960	666003.572462	3537379.636405	0.1033
1598543947.717	118.757	31.960	666003.576816	3537379.678211	0.1032
1598543947.817	118.757	31.960	666003.582123	3537379.720525	0.1031
1598543947.817	118.757	31.960	666003.587188	3537379.761046	0.1031
1598543947.917	118.757	31.960	666003.591315	3537379.803816	0.1031
1598543947.917	118.757	31.960	666003.595277	3537379.846440	0.1031
1598543948.017	118.757	31.960	666003.599703	3537379.887796	0.1031
1598543948.017	118.757	31.960	666003.604583	3537379.929015	0.1030
1598543948.116	118.757	31.960	666003.609261	3537379.969926	0.1029
1598543948.117	118.757	31.960	666003.613179	3537380.010995	0.1029
1598543948.217	118.757	31.960	666003.618010	3537380.051484	0.1028
1598543948.217	118.757	31.960	666003.622662	3537380.095233	0.1027
1598543948.317	118.757	31.960	666003.626904	3537380.136235	0.1026
1598543948.317	118.757	31.960	666003.631080	3537380.176965	0.1025
1598543948.417	118.757	31.960	666003.635183	3537380.218254	0.1025
1598543948.417	118.757	31.960	666003.639636	3537380.257456	0.1025
1598543948.517	118.757	31.960	666003.644249	3537380.297010	0.1024
1598543948.517	118.757	31.960	666003.648644	3537380.335390	0.1023
1598543948.617	118.757	31.960	666003.652520	3537380.372879	0.1022
1598543948.617	118.757	31.960	666003.656197	3537380.410797	0.1022
1598543948.717	118.757	31.960	666003.660163	3537380.447826	0.1022
1598543948.717	118.757	31.960	666003.664001	3537380.484009	0.1022
1598543948.817	118.757	31.960	666003.667821	3537380.520003	0.1021
1598543948.817	118.757	31.960	666003.671182	3537380.554698	0.1020
1598543948.917	118.757	31.960	666003.674383	3537380.589231	0.1020
1598543948.917	118.757	31.960	666003.677483	3537380.623814	0.1019
1598543949.017	118.757	31.960	666003.680765	3537380.657257	0.1018
1598543949.017	118.757	31.960	666003.683872	3537380.690978	0.1017
1598543949.117	118.757	31.960	666003.687113	3537380.726058	0.1015
1598543949.117	118.757	31.960	666003.690240	3537380.760337	0.1014
1598543949.217	118.757	31.960	666003.693260	3537380.794591	0.1013
1598543949.217	118.757	31.960	666003.697321	3537380.828306	0.1010
1598543949.317	118.757	31.960	666003.701176	3537380.863918	0.1009
1598543949.317	118.757	31.960	666003.704921	3537380.900151	0.1007
1598543949.417	118.757	31.960	666003.708721	3537380.937269	0.1006
1598543949.417	118.757	31.960	666003.712455	3537380.974281	0.1005
1598543949.517	118.757	31.960	666003.716250	3537381.011400	0.1003
1598543949.517	118.757	31.960	666003.720074	3537381.049518	0.1002
1598543949.617	118.757	31.960	666003.723720	3537381.086344	0.1001
1598543949.617	118.757	31.960	666003.726243	3537381.125480	0.1000
1598543949.717	118.757	31.960	666003.729518	3537381.163142	0.1000
1598543949.717	118.757	31.960	666003.733022	3537381.200759	0.1000
1598543949.817	118.757	31.960	666003.737212	3537381.238502	0.0998
1598543949.817	118.757	31.960	666003.741181	3537381.274652	0.0996
1598543949.917	118.757	31.960	666003.744313	3537381.309509	0.0995
1598543949.917	118.757	31.960	666003.747237	3537381.344878	0.0994
1598543950.017	118.757	31.960	666003.749877	3537381.379197	0.0994
1598543950.017	118.757	31.960	666003.752431	3537381.412200	0.0993
1598543950.117	118.757	31.960	666003.755126	3537381.444583	0.0991
1598543950.117	118.757	31.960	666003.757685	3537381.475403	0.0988
1598543950.217	118.757	31.960	666003.760054	3537381.505546	0.0987
1598543950.217	118.757	31.960	666003.761716	3537381.531457	0.0986
1598543950.317	118.757	31.960	666003.763788	3537381.559246	0.0985
1598543950.317	118.757	31.960	666003.766052	3537381.586254	0.0983
1598543950.417	118.757	31.960	666003.768366	3537381.613782	0.0981
1598543950.417	118.757	31.960	666003.770735	3537381.641273	0.0979
1598543950.517	118.757	31.960	666003.772957	3537381.669842	0.0976
1598543950.517	118.757	31.960	666003.774947	3537381.699152	0.0974
1598543950.617	118.757	31.960	666003.777619	3537381.726740	0.0972
1598543950.617	118.757	31.960	666003.779924	3537381.757961	0.0969
1598543950.717	118.757	31.960	666003.782412	3537381.789846	0.0966
1598543950.717	118.757	31.960	666003.785927	3537381.819311	0.0963
1598543950.817	118.757	31.960	666003.788260	3537381.850751	0.0961
1598543950.817	118.757	31.960	666003.790702	3537381.881827	0.0959
1598543950.917	118.757	31.960	666003.793279	3537381.913052	0.0957
1598543950.917	118.757	31.960	666003.796081	3537381.945328	0.0956
1598543951.017	118.757	31.960	666003.799132	3537381.976537	0.0954
1598543951.017	118.757	31.960	666003.801919	3537382.007859	0.0953
1598543951.117	118.757	31.960	666003.803834	3537382.038564	0.0952
1598543951.117	118.757	31.960	666003.805625	3537382.064412	0.0951
1598543951.217	118.757	31.960	666003.807337	3537382.094096	0.0951
1598543951.217	118.757	31.960	666003.810031	3537382.125265	0.0949
1598543951.317	118.757	31.960	666003.812281	3537382.152988	0.0949
1598543951.317	118.757	31.960	666003.814365	3537382.179166	0.0947
1598543951.417	118.757	31.960	666003.816158	3537382.205116	0.0947
1598543951.417	118.757	31.960	666003.818036	3537382.229926	0.0946
1598543951.517	118.757	31.960	666003.819755	3537382.254648	0.0945
1598543951.517	118.757	31.960	666003.821608	3537382.279143	0.0944
1598543951.617	118.757	31.960	666003.823984	3537382.300361	0.0943
1598543951.617	118.757	31.960	666003.825842	3537382.326418	0.0943
1598543951.717	118.757	31.960	666003.827960	3537382.351041	0.0942
1598543951.717	118.757	31.960	666003.829758	3537382.376876	0.0942
1598543951.817	118.757	31.960	666003.831874	3537382.400359	0.0941
1598543951.817	118.757	31.960	666003.834267	3537382.425055	0.0940
1598543951.917	118.757	31.960	666003.836642	3537382.449560	0.0939
1598543951.917	118.757	31.960	666003.839032	3537382.474882	0.0938
1598543952.017	118.757	31.960	666003.841053	3537382.500521	0.0937
1598543952.017	118.757	31.960	666003.843067	3537382.525386	0.0936
1598543952.117	118.757	31.960	666003.844944	3537382.550754	0.0936
1598543952.117	118.757	31.960	666003.846475	3537382.574099	0.0935
1598543952.217	118.757	31.960	666003.847845	3537382.597114	0.0935
1598543952.217	118.757	31.960	666003.850377	3537382.622380	0.0934
1598543952.317	118.757	31.960	666003.852597	3537382.645343	0.0933
1598543952.317	118.757	31.960	666003.854660	3537382.667738	0.0933
1598543952.417	118.757	31.960	666003.856672	3537382.689678	0.0933
1598543952.417	118.757	31.960	666003.858469	3537382.709823	0.0932
1598543952.517	118.757	31.960	666003.859769	3537382.728226	0.0932
1598543952.517	118.757	31.960	666003.860924	3537382.745884	0.0931
1598543952.617	118.757	31.960	666003.862031	3537382.762067	0.0930
1598543952.617	118.757	31.960	666003.862905	3537382.776752	0.0930
1598543952.717	118.757	31.960	666003.863685	3537382.790793	0.0930
1598543952.717	118.757	31.960	666003.864338	3537382.803095	0.0930
1598543952.817	118.757	31.960	666003.864626	3537382.814068	0.0930
1598543952.817	118.757	31.960	666003.865388	3537382.821650	0.0930
1598543952.917	118.757	31.960	666003.865491	3537382.830867	0.0930
1598543952.917	118.757	31.960	666003.865800	3537382.836847	0.0930
1598543953.017	118.757	31.960	666003.865712	3537382.840632	0.0930
1598543953.017	118.757	31.960	666003.865447	3537382.842058	0.0930
1598543953.117	118.757	31.960	666003.865364	3537382.842186	0.0930
1598543953.117	118.757	31.960	666003.864728	3537382.841647	0.0929
1598543953.217	118.757	31.960	666003.865147	3537382.844256	0.0929
1598543953.217	118.757	31.960	666003.865520	3537382.848291	0.0928
1598543953.317	118.757	31.960	666003.865430	3537382.850065	0.0929
1598543953.317	118.757	31.960	666003.864955	3537382.839281	0.0930
1598543953.417	118.757	31.960	666003.864373	3537382.832787	0.0930
1598543953.417	118.757	31.960	666003.864204	3537382.827397	0.0930
1598543953.517	118.757	31.960	666003.864033	3537382.823431	0.0930
1598543953.517	118.757	31.960	666003.863607	3537382.819412	0.0929
1598543953.617	118.757	31.960	666003.863169	3537382.816646	0.0930
1598543953.617	118.757	31.960	666003.863848	3537382.812931	0.0930
1598543953.717	118.757	31.960	666003.863475	3537382.811477	0.0930
1598543953.717	118.757	31.960	666003.863784	3537382.809356	0.0929
1598543953.817	118.757	31.960	666003.864219	3537382.807611	0.0929
1598543953.817	118.757	31.960	666003.864327	3537382.806501	0.0930
1598543953.917	118.757	31.960	666003.864594	3537382.806294	0.0930
1598543953.917	118.757	31.960	666003.864749	3537382.806514	0.0930
1598543954.017	118.757	31.960	666003.864600	3537382.807076	0.0930
1598543954.017	118.757	31.960	666003.864430	3537382.807263	0.0930
1598543954.117	118.757	31.960	666003.864562	3537382.807074	0.0930
1598543954.117	118.757	31.960	666003.864363	3537382.806723	0.0930
1598543954.217	118.757	31.960	666003.864783	3537382.806841	0.0930
1598543954.217	118.757	31.960	666003.865179	3537382.807048	0.0930
1598543954.317	118.757	31.960	666003.865386	3537382.806991	0.0930
1598543954.317	118.757	31.960	666003.865515	3537382.806971	0.0930
1598543954.417	118.757	31.960	666003.865790	3537382.807128	0.0930
1598543954.417	118.757	31.960	666003.866496	3537382.807111	0.0930
1598543954.517	118.757	31.960	666003.866754	3537382.807033	0.0930
1598543954.517	118.757	31.960	666003.866796	3537382.806861	0.0930
1598543954.617	118.757	31.960	666003.866889	3537382.806839	0.0930
1598543954.617	118.757	31.960	666003.866921	3537382.806725	0.0930
1598543954.717	118.757	31.960	666003.867023	3537382.806546	0.0930
1598543954.717	118.757	31.960	666003.866911	3537382.806746	0.0930
1598543954.817	118.757	31.960	666003.866957	3537382.806627	0.0930
1598543954.817	118.757	31.960	666003.867598	3537382.806219	0.0930
1598543954.917	118.757	31.960	666003.867862	3537382.805996	0.0930
1598543954.917	118.757	31.960	666003.868089	3537382.805727	0.0930
1598543955.017	118.757	31.960	666003.868262	3537382.805422	0.0930
1598543955.017	118.757	31.960	666003.868165	3537382.805510	0.0930
1598543955.117	118.757	31.960	666003.867781	3537382.806058	0.0930
1598543955.117	118.757	31.960	666003.867624	3537382.806308	0.0930
1598543955.217	118.757	31.960	666003.867242	3537382.806919	0.0930
1598543955.217	118.757	31.960	666003.867068	3537382.807373	0.0930
1598543955.317	118.757	31.960	666003.867075	3537382.807384	0.0930
1598543955.317	118.757	31.960	666003.867080	3537382.807364	0.0931
1598543955.417	118.757	31.960	666003.866886	3537382.807288	0.0931
1598543955.417	118.757	31.960	666003.866788	3537382.807326	0.0931
1598543955.517	118.757	31.960	666003.866928	3537382.807200	0.0931
1598543955.517	118.757	31.960	666003.867036	3537382.807064	0.0931
1598543955.617	118.757	31.960	666003.867269	3537382.806874	0.0931
1598543955.617	118.757	31.960	666003.867622	3537382.806062	0.0931
1598543955.717	118.757	31.960	666003.867453	3537382.806282	0.0931
1598543955.717	118.757	31.960	666003.867605	3537382.806093	0.0931
1598543955.817	118.757	31.960	666003.867521	3537382.805947	0.0932
1598543955.817	118.757	31.960	666003.867394	3537382.806035	0.0932
1598543955.917	118.757	31.960	666003.867551	3537382.805923	0.0932
1598543955.917	118.757	31.960	666003.867797	3537382.805787	0.0932
1598543956.017	118.757	31.960	666003.867941	3537382.805752	0.0932
1598543956.017	118.757	31.960	666003.868100	3537382.805569	0.0932
1598543956.117	118.757	31.960	666003.868255	3537382.805401	0.0932
1598543956.117	118.757	31.960	666003.868122	3537382.805592	0.0932
1598543956.217	118.757	31.960	666003.868010	3537382.805355	0.0932
1598543956.217	118.757	31.960	666003.868057	3537382.804977	0.0932
1598543956.317	118.757	31.960	666003.868229	3537382.804738	0.0932
1598543956.317	118.757	31.960	666003.868431	3537382.804488	0.0933
1598543956.417	118.757	31.960	666003.868379	3537382.804313	0.0932
1598543956.417	118.757	31.960	666003.868097	3537382.804429	0.0933
1598543956.517	118.757	31.960	666003.868359	3537382.804553	0.0933
1598543956.517	118.757	31.960	666003.868813	3537382.804643	0.0933
1598543956.617	118.757	31.960	666003.869364	3537382.804542	0.0933
1598543956.617	118.757	31.960	666003.869388	3537382.803813	0.0933
1598543956.717	118.757	31.960	666003.869332	3537382.804042	0.0933
1598543956.717	118.757	31.960	666003.869205	3537382.803735	0.0933
1598543956.817	118.757	31.960	666003.869036	3537382.803419	0.0933
1598543956.817	118.757	31.960	666003.868742	3537382.803196	0.0933
1598543956.917	118.757	31.960	666003.868368	3537382.802817	0.0932
1598543956.917	118.757	31.960	666003.868127	3537382.802895	0.0932
1598543957.017	118.757	31.960	666003.867591	3537382.801972	0.0932
1598543957.017	118.757	31.960	666003.867238	3537382.801849	0.0932
1598543957.117	118.757	31.960	666003.867137	3537382.801744	0.0932
1598543957.117	118.757	31.960	666003.866710	3537382.801796	0.0932
1598543957.217	118.757	31.960	666003.866714	3537382.801791	0.0932
1598543957.217	118.757	31.960	666003.866881	3537382.801351	0.0932
1598543957.317	118.757	31.960	666003.866699	3537382.800965	0.0932
1598543957.317	118.757	31.960	666003.866642	3537382.800721	0.0932
1598543957.417	118.757	31.960	666003.866835	3537382.800644	0.0932
1598543957.417	118.757	31.960	666003.866906	3537382.800701	0.0932
1598543957.517	118.757	31.960	666003.866861	3537382.800728	0.0933
1598543957.517	118.757	31.960	666003.866750	3537382.800689	0.0933
1598543957.617	118.757	31.960	666003.866598	3537382.800564	0.0932
1598543957.617	118.757	31.960	666003.866781	3537382.800325	0.0932
1598543957.717	118.757	31.960	666003.867025	3537382.800102	0.0932
1598543957.717	118.757	31.960	666003.867247	3537382.799934	0.0932
1598543957.817	118.757	31.960	666003.867536	3537382.799970	0.0932
1598543957.817	118.757	31.960	666003.867772	3537382.799825	0.0932
1598543957.917	118.757	31.960	666003.867995	3537382.799761	0.0932
1598543957.917	118.757	31.960	666003.868215	3537382.799771	0.0932
1598543958.017	118.757	31.960	666003.868335	3537382.799651	0.0932
1598543958.017	118.757	31.960	666003.868642	3537382.799886	0.0932
1598543958.117	118.757	31.960	666003.869020	3537382.799916	0.0932
1598543958.117	118.757	31.960	666003.868973	3537382.800156	0.0932
1598543958.217	118.757	31.960	666003.869301	3537382.800159	0.0932
1598543958.217	118.757	31.960	666003.870089	3537382.800429	0.0932
