stationID	curTimeStamp	curSpeed	bottomSpeed	upperSpeed
27012	1600677137.694	13.1	0.0	0.0
27012	1600677138.194	13.0	0.0	0.0
27012	1600677138.694	13.0	0.0	0.0
27012	1600677139.195	12.9	0.0	0.0
27012	1600677139.694	12.8	0.0	0.0
27012	1600677140.194	12.7	0.0	0.0
27012	1600677140.695	12.7	0.0	0.0
27012	1600677141.194	12.7	0.0	0.0
27012	1600677141.694	12.6	0.0	0.0
27012	1600677142.194	12.5	0.0	0.0
27012	1600677142.594	12.5	0.0	0.0
27012	1600677148.794	10.5	0.0	0.0
27012	1600677149.293	10.6	0.0	0.0
27012	1600677149.794	10.6	0.0	0.0
27012	1600677150.294	10.6	0.0	0.0
27012	1600677150.794	10.4	0.0	0.0
27012	1600677151.294	10.2	0.0	0.0
27012	1600677151.794	9.9	0.0	0.0
27012	1600677152.293	9.6	0.0	0.0
27012	1600677152.794	9.3	0.0	0.0
27012	1600677153.293	8.9	0.0	0.0
27012	1600677153.794	8.5	0.0	0.0
27012	1600677154.294	8.1	0.0	0.0
27012	1600677154.794	7.7	0.0	0.0
27012	1600677155.293	7.2	0.0	0.0
27012	1600677155.794	6.8	0.0	0.0
27012	1600677156.294	6.4	0.0	0.0
27012	1600677156.794	6.0	0.0	0.0
27012	1600677157.293	5.6	0.0	0.0
27012	1600677157.794	5.3	0.0	0.0
27012	1600677158.293	5.0	0.0	0.0
27012	1600677158.794	4.8	0.0	0.0
27012	1600677159.293	4.5	0.0	0.0
27012	1600677159.794	4.2	0.0	0.0
27012	1600677160.293	3.8	0.0	0.0
27012	1600677160.793	3.2	0.0	0.0
27012	1600677161.294	2.4	0.0	0.0
27012	1600677161.794	1.4	0.0	0.0
27012	1600677162.293	0.7	0.0	0.0
27012	1600677162.793	0.2	0.0	0.0
27012	1600677163.293	-0.0	0.0	0.0
27012	1600677163.793	-0.1	0.0	0.0
27012	1600677164.294	-0.0	0.0	0.0
27012	1600677164.793	0.0	0.0	0.0
27012	1600677165.293	0.0	0.0	0.0
27012	1600677165.794	0.0	0.0	0.0
27012	1600677166.293	0.0	0.0	0.0
27012	1600677166.794	0.0	0.0	0.0
27012	1600677167.293	0.0	0.0	0.0
27012	1600677167.793	0.0	0.0	0.0
27012	1600677168.294	0.0	0.0	0.0
27012	1600677168.793	0.0	0.0	0.0
27012	1600677169.293	0.0	0.0	0.0
27012	1600677169.794	-0.0	0.0	0.0
27012	1600677170.293	0.0	0.0	0.0
27012	1600677170.793	0.0	0.0	0.0
27012	1600677171.293	0.0	0.0	0.0
27012	1600677171.793	0.0	0.0	0.0
27012	1600677172.293	0.0	0.0	0.0
27012	1600677172.793	0.0	0.0	0.0
27012	1600677173.294	0.0	0.0	0.0
27012	1600677173.794	0.0	0.0	0.0
27012	1600677174.293	0.0	0.0	0.0
27012	1600677174.793	0.0	0.0	0.0
27012	1600677175.293	0.0	0.0	0.0
27012	1600677175.493	0.0	0.0	0.0
27012	1600677179.593	0.0	0.0	0.0
27012	1600677180.092	0.0	0.0	0.0
27012	1600677180.593	0.0	0.0	0.0
27012	1600677181.093	0.0	0.0	0.0
27012	1600677181.593	0.0	0.0	0.0
27012	1600677182.094	0.0	0.0	0.0
27012	1600677182.593	0.0	0.0	0.0
27012	1600677183.093	0.0	0.0	0.0
27012	1600677183.593	0.0	0.0	0.0
27012	1600677184.092	0.0	0.0	0.0
27012	1600677184.592	0.0	0.0	0.0
27012	1600677185.094	0.0	0.0	0.0
27012	1600677185.593	0.0	0.0	0.0
27012	1600677186.092	0.0	0.0	0.0
27012	1600677186.593	0.0	0.0	0.0
27012	1600677187.092	0.0	0.0	0.0
27012	1600677187.593	0.0	0.0	0.0
27012	1600677188.093	0.0	0.0	0.0
27012	1600677188.592	0.0	0.0	0.0
27012	1600677189.093	0.0	0.0	0.0
27012	1600677189.593	0.0	0.0	0.0
27012	1600677190.093	0.0	0.0	0.0
27012	1600677190.592	0.0	0.0	0.0
27012	1600677191.093	0.0	0.0	0.0
27012	1600677191.592	0.0	0.0	0.0
27012	1600677192.092	0.0	0.0	0.0
27012	1600677192.592	0.0	0.0	0.0
27012	1600677193.092	0.0	0.0	0.0
27012	1600677193.593	0.0	0.0	0.0
27012	1600677194.092	0.0	0.0	0.0
27012	1600677194.593	0.0	0.0	0.0
27012	1600677195.093	0.0	0.0	0.0
27012	1600677195.593	0.0	0.0	0.0
27012	1600677196.092	0.0	0.0	0.0
27012	1600677196.592	0.0	0.0	0.0
27012	1600677197.092	0.0	0.0	0.0
27012	1600677197.593	0.0	0.0	0.0
27012	1600677198.092	0.0	0.0	0.0
27012	1600677198.593	0.0	0.0	0.0
27012	1600677199.192	0.0	0.0	0.0
27012	1600677199.692	0.0	0.0	0.0
27012	1600677200.192	0.0	0.0	0.0
27012	1600677200.692	-0.0	0.0	0.0
27012	1600677201.192	0.0	0.0	0.0
27012	1600677201.692	0.0	0.0	0.0
27012	1600677202.191	0.0	0.0	0.0
27012	1600677202.692	0.0	0.0	0.0
27012	1600677203.192	0.0	0.0	0.0
27012	1600677203.692	0.0	0.0	0.0
27012	1600677204.192	0.0	0.0	0.0
27012	1600677204.692	0.0	0.0	0.0
27012	1600677205.192	0.0	0.0	0.0
27012	1600677205.692	0.0	0.0	0.0
27012	1600677206.192	-0.0	0.0	0.0
27012	1600677206.692	0.0	0.0	0.0
27012	1600677207.192	0.0	0.0	0.0
27012	1600677207.693	0.0	0.0	0.0
27012	1600677208.192	0.0	0.0	0.0
27012	1600677208.693	0.0	0.0	0.0
27012	1600677209.192	0.0	0.0	0.0
27012	1600677209.693	0.0	0.0	0.0
27012	1600677210.091	0.0	0.0	0.0
27012	1600677210.591	0.0	0.0	0.0
27012	1600677211.092	0.0	0.0	0.0
27012	1600677214.192	0.0	0.0	0.0
27012	1600677214.691	0.0	0.0	0.0
27012	1600677215.191	0.0	0.0	0.0
27012	1600677215.692	0.0	0.0	0.0
27012	1600677216.191	0.0	0.0	0.0
27012	1600677216.692	0.0	0.0	0.0
27012	1600677217.192	0.0	0.0	0.0
27012	1600677217.691	0.0	0.0	0.0
27012	1600677218.191	0.0	0.0	0.0
27012	1600677218.692	0.0	0.0	0.0
27012	1600677219.191	0.0	0.0	0.0
27012	1600677219.692	0.0	0.0	0.0
27012	1600677220.192	0.0	0.0	0.0
27012	1600677220.692	0.0	0.0	0.0
27012	1600677221.191	0.0	0.0	0.0
27012	1600677221.691	0.0	0.0	0.0
27012	1600677222.192	0.0	0.0	0.0
27012	1600677222.691	0.0	0.0	0.0
27012	1600677223.191	0.0	0.0	0.0
27012	1600677223.691	0.0	0.0	0.0
27012	1600677224.192	0.0	0.0	0.0
27012	1600677224.691	0.0	0.0	0.0
27012	1600677225.192	0.0	0.0	0.0
27012	1600677225.691	0.0	0.0	0.0
27012	1600677226.191	0.0	0.0	0.0
27012	1600677226.691	0.0	0.0	0.0
27012	1600677227.191	0.0	0.0	0.0
27012	1600677227.690	0.0	0.0	0.0
27012	1600677228.191	0.0	0.0	0.0
27012	1600677228.691	0.0	0.0	0.0
27012	1600677229.191	0.0	0.0	0.0
27012	1600677229.692	0.0	0.0	0.0
27012	1600677230.191	0.0	0.0	0.0
27012	1600677230.691	0.0	0.0	0.0
27012	1600677231.190	0.0	0.0	0.0
27012	1600677231.691	0.0	0.0	0.0
27012	1600677232.191	0.0	0.0	0.0
27012	1600677232.691	0.0	0.0	0.0
27012	1600677233.190	0.0	0.0	0.0
27012	1600677233.691	0.0	0.0	0.0
27012	1600677234.191	-0.0	0.0	0.0
27012	1600677234.692	0.0	0.0	0.0
27012	1600677235.191	0.0	0.0	0.0
27012	1600677235.691	-0.0	0.0	0.0
27012	1600677236.191	0.0	0.0	0.0
27012	1600677236.691	0.0	0.0	0.0
27012	1600677237.192	0.0	0.0	0.0
27012	1600677237.691	0.0	0.0	0.0
27012	1600677238.191	0.0	0.0	0.0
27012	1600677238.690	0.0	0.0	0.0
27012	1600677239.190	0.0	0.0	0.0
27012	1600677239.691	0.0	0.0	0.0
27012	1600677240.191	0.0	0.0	0.0
27012	1600677240.690	0.0	0.0	0.0
27012	1600677240.791	0.0	0.0	0.0
27012	1600677243.291	0.0	0.0	0.0
27012	1600677243.790	0.0	0.0	0.0
27012	1600677244.290	0.0	0.0	0.0
27012	1600677244.790	0.0	0.0	0.0
27012	1600677245.291	0.0	0.0	0.0
27012	1600677245.790	0.0	0.0	0.0
27012	1600677246.291	0.0	0.0	0.0
27012	1600677246.790	0.0	0.0	0.0
27012	1600677247.290	-0.0	0.0	0.0
27012	1600677247.790	0.0	0.0	0.0
27012	1600677248.290	0.0	0.0	0.0
27012	1600677248.790	0.6	0.0	0.0
27012	1600677249.290	1.7	0.0	0.0
27012	1600677249.790	3.0	0.0	0.0
27012	1600677250.290	3.8	0.0	0.0
27012	1600677250.790	4.1	0.0	0.0
27012	1600677251.290	4.2	0.0	0.0
27012	1600677251.791	4.5	0.0	0.0
27012	1600677252.191	4.8	0.0	0.0
27012	1600677252.790	5.3	0.0	0.0
27012	1600677253.289	5.7	0.0	0.0
27012	1600677253.790	6.0	0.0	0.0
27012	1600677254.290	6.3	0.0	0.0
27012	1600677254.789	6.6	0.0	0.0
27012	1600677255.289	6.9	0.0	0.0
27012	1600677255.789	7.1	0.0	0.0
27012	1600677256.290	7.4	0.0	0.0
27012	1600677256.790	7.7	0.0	0.0
27012	1600677257.290	7.9	0.0	0.0
27012	1600677257.790	8.1	0.0	0.0
27012	1600677258.290	8.3	0.0	0.0
27012	1600677258.790	8.6	0.0	0.0
27012	1600677259.290	8.9	0.0	0.0
27012	1600677259.790	9.2	0.0	0.0
27012	1600677260.290	9.5	0.0	0.0
27012	1600677260.790	9.8	0.0	0.0
27012	1600677261.290	10.1	0.0	0.0
27012	1600677261.790	10.5	0.0	0.0
27012	1600677262.289	10.8	0.0	0.0
27012	1600677262.790	11.2	0.0	0.0
27012	1600677263.290	11.4	0.0	0.0
27012	1600677263.790	11.7	0.0	0.0
27012	1600677264.289	12.1	0.0	0.0
27012	1600677264.790	12.4	0.0	0.0
27011	1600677265.190	12.7	0.0	0.0
27011	1600677265.690	13.0	0.0	0.0
27011	1600677266.190	13.2	0.0	0.0
27011	1600677266.690	13.5	0.0	0.0
27011	1600677266.890	13.5	0.0	0.0
27011	1600677270.289	14.2	0.0	0.0
27011	1600677270.789	14.5	0.0	0.0
27011	1600677271.290	15.0	0.0	0.0
27011	1600677271.789	15.4	0.0	0.0
27011	1600677272.289	15.7	0.0	0.0
27011	1600677272.790	15.8	0.0	0.0
27011	1600677273.290	15.7	0.0	0.0
27011	1600677273.789	15.6	0.0	0.0
27011	1600677274.290	15.5	0.0	0.0
27011	1600677274.789	15.6	0.0	0.0
27011	1600677275.290	15.7	0.0	0.0
27011	1600677275.789	15.8	0.0	0.0
27011	1600677276.289	15.9	0.0	0.0
27011	1600677276.790	15.9	0.0	0.0
27011	1600677277.289	16.1	0.0	0.0
27011	1600677277.789	16.4	0.0	0.0
27011	1600677278.290	16.8	0.0	0.0
27011	1600677278.789	17.1	0.0	0.0
27011	1600677279.289	17.2	0.0	0.0
27011	1600677279.789	17.2	0.0	0.0
27011	1600677280.289	17.1	0.0	0.0
27011	1600677280.789	16.8	0.0	0.0
27011	1600677281.290	16.6	0.0	0.0
27011	1600677281.788	16.4	0.0	0.0
27011	1600677282.289	16.2	0.0	0.0
27011	1600677282.789	16.1	0.0	0.0
27011	1600677283.289	15.8	0.0	0.0
27011	1600677283.789	15.6	0.0	0.0
27011	1600677284.289	15.5	0.0	0.0
27011	1600677284.788	15.5	0.0	0.0
27011	1600677285.289	15.6	0.0	0.0
27011	1600677285.789	15.6	0.0	0.0
27011	1600677286.289	15.6	0.0	0.0
27011	1600677286.789	15.6	0.0	0.0
27011	1600677287.289	15.7	0.0	0.0
27011	1600677287.789	15.8	0.0	0.0
27011	1600677288.288	15.9	0.0	0.0
27011	1600677288.788	15.9	0.0	0.0
27011	1600677289.289	16.0	0.0	0.0
27011	1600677289.789	16.1	0.0	0.0
27011	1600677290.289	16.1	0.0	0.0
27011	1600677290.788	16.1	0.0	0.0
27011	1600677291.289	16.0	0.0	0.0
27011	1600677291.789	16.8	0.0	0.0
27011	1600677292.289	16.9	0.0	0.0
27011	1600677292.788	17.0	0.0	0.0
27011	1600677293.289	17.2	0.0	0.0
27011	1600677293.789	17.4	0.0	0.0
27011	1600677294.288	17.8	0.0	0.0
27011	1600677294.788	18.2	0.0	0.0
27011	1600677295.289	18.5	0.0	0.0
27011	1600677295.788	18.6	0.0	0.0
27011	1600677296.288	18.5	0.0	0.0
27011	1600677296.789	18.4	0.0	0.0
27011	1600677297.288	18.3	0.0	0.0
27011	1600677297.788	18.2	0.0	0.0
27011	1600677298.289	18.1	0.0	0.0
27011	1600677298.788	18.0	0.0	0.0
27011	1600677299.288	17.8	0.0	0.0
27011	1600677299.788	17.6	0.0	0.0
27011	1600677300.288	17.4	0.0	0.0
27011	1600677300.789	17.4	0.0	0.0
27011	1600677301.288	17.3	0.0	0.0
27011	1600677301.788	17.0	0.0	0.0
27011	1600677302.288	16.4	0.0	0.0
27011	1600677302.789	15.8	0.0	0.0
27011	1600677303.288	15.4	0.0	0.0
27011	1600677303.788	15.1	0.0	0.0
27011	1600677304.288	14.9	0.0	0.0
27011	1600677304.788	14.8	0.0	0.0
27011	1600677305.289	14.7	0.0	0.0
27011	1600677305.789	14.8	0.0	0.0
27011	1600677306.288	15.0	0.0	0.0
27011	1600677306.788	15.1	0.0	0.0
27011	1600677307.287	15.2	0.0	0.0
27011	1600677307.788	15.3	0.0	0.0
27011	1600677308.287	15.3	0.0	0.0
27011	1600677308.788	15.4	0.0	0.0
27011	1600677309.288	15.4	0.0	0.0
27011	1600677309.788	15.5	0.0	0.0
27011	1600677310.288	15.5	0.0	0.0
27011	1600677310.788	15.6	0.0	0.0
27011	1600677311.288	15.6	0.0	0.0
27011	1600677311.788	15.5	0.0	0.0
27011	1600677312.288	15.2	0.0	0.0
27011	1600677312.787	15.0	0.0	0.0
27011	1600677313.288	14.8	0.0	0.0
27011	1600677313.788	14.4	0.0	0.0
27011	1600677314.287	13.7	0.0	0.0
27011	1600677314.687	13.2	0.0	0.0
27011	1600677318.288	8.5	0.0	0.0
27011	1600677318.788	8.0	0.0	0.0
27011	1600677319.287	7.1	0.0	0.0
27011	1600677319.787	6.4	0.0	0.0
27011	1600677320.287	5.7	0.0	0.0
27011	1600677320.788	5.0	0.0	0.0
27011	1600677321.287	4.4	0.0	0.0
27011	1600677321.788	3.8	0.0	0.0
27011	1600677322.287	3.4	0.0	0.0
27011	1600677322.787	3.0	0.0	0.0
27011	1600677323.288	2.7	0.0	0.0
27011	1600677323.788	2.6	0.0	0.0
27011	1600677324.287	2.5	0.0	0.0
27011	1600677324.788	2.0	0.0	0.0
27011	1600677325.287	1.3	0.0	0.0
27011	1600677325.787	0.7	0.0	0.0
27011	1600677326.288	0.3	0.0	0.0
27011	1600677326.786	0.1	0.0	0.0
27011	1600677327.287	-0.1	0.0	0.0
27011	1600677327.788	-0.0	0.0	0.0
27011	1600677328.287	0.0	0.0	0.0
27011	1600677328.787	0.0	0.0	0.0
27011	1600677329.287	0.0	0.0	0.0
27011	1600677329.786	0.0	0.0	0.0
27011	1600677330.287	-0.0	0.0	0.0
27011	1600677330.787	-0.0	0.0	0.0
27011	1600677331.287	-0.0	0.0	0.0
27011	1600677331.787	0.0	0.0	0.0
27011	1600677332.287	0.0	0.0	0.0
27011	1600677332.787	0.0	0.0	0.0
27011	1600677333.287	0.0	0.0	0.0
27011	1600677333.787	0.0	0.0	0.0
27011	1600677334.286	0.0	0.0	0.0
27011	1600677334.787	0.0	0.0	0.0
27011	1600677335.287	-0.0	0.0	0.0
27011	1600677335.788	-0.0	0.0	0.0
27011	1600677336.287	0.0	0.0	0.0
27011	1600677336.787	0.0	0.0	0.0
27011	1600677337.288	0.0	0.0	0.0
27011	1600677337.787	0.0	0.0	0.0
27011	1600677338.287	0.0	0.0	0.0
27011	1600677338.787	0.0	0.0	0.0
27011	1600677342.187	0.0	0.0	0.0
27011	1600677342.687	0.0	0.0	0.0
27011	1600677343.186	0.0	0.0	0.0
27011	1600677343.687	0.0	0.0	0.0
27011	1600677344.187	0.0	0.0	0.0
27011	1600677344.688	-0.0	0.0	0.0
27011	1600677345.186	0.0	0.0	0.0
27011	1600677345.687	0.0	0.0	0.0
27011	1600677346.187	0.0	0.0	0.0
27011	1600677346.686	0.0	0.0	0.0
27011	1600677347.187	-0.0	0.0	0.0
27011	1600677347.687	0.0	0.0	0.0
27011	1600677348.187	0.0	0.0	0.0
27011	1600677348.686	0.0	0.0	0.0
27011	1600677349.186	0.0	0.0	0.0
27011	1600677349.686	0.0	0.0	0.0
27011	1600677350.186	0.0	0.0	0.0
27011	1600677350.687	0.0	0.0	0.0
27011	1600677351.186	0.0	0.0	0.0
27011	1600677351.687	0.0	0.0	0.0
27011	1600677352.186	0.0	0.0	0.0
27011	1600677352.686	0.0	0.0	0.0
27011	1600677353.186	-0.0	0.0	0.0
27011	1600677353.687	-0.0	0.0	0.0
27011	1600677354.186	0.0	0.0	0.0
27011	1600677354.686	-0.0	0.0	0.0
27011	1600677355.186	0.0	0.0	0.0
27011	1600677355.686	0.0	0.0	0.0
27011	1600677356.187	0.0	0.0	0.0
27011	1600677356.686	0.0	0.0	0.0
27011	1600677357.187	0.0	0.0	0.0
27011	1600677357.686	0.0	0.0	0.0
27011	1600677358.186	0.0	0.0	0.0
27011	1600677358.687	0.0	0.0	0.0
27011	1600677359.186	0.0	0.0	0.0
27011	1600677359.686	-0.0	0.0	0.0
27011	1600677360.186	-0.0	0.0	0.0
27011	1600677360.686	-0.0	0.0	0.0
27011	1600677361.186	0.0	0.0	0.0
27011	1600677361.686	0.0	0.0	0.0
27011	1600677362.186	0.0	0.0	0.0
27011	1600677362.686	0.0	0.0	0.0
27011	1600677363.186	0.0	0.0	0.0
27011	1600677363.686	0.0	0.0	0.0
27011	1600677364.186	0.0	0.0	0.0
27011	1600677364.687	0.0	0.0	0.0
27011	1600677365.186	0.0	0.0	0.0
27011	1600677365.686	0.0	0.0	0.0
27011	1600677366.186	0.0	0.0	0.0
27011	1600677366.686	-0.0	0.0	0.0
27011	1600677367.186	0.0	0.0	0.0
27011	1600677367.686	0.0	0.0	0.0
27011	1600677368.186	0.0	0.0	0.0
27011	1600677368.686	0.0	0.0	0.0
27011	1600677369.186	0.0	0.0	0.0
27011	1600677369.686	0.0	0.0	0.0
27011	1600677370.186	0.0	0.0	0.0
27011	1600677370.686	0.0	0.0	0.0
27011	1600677371.186	0.0	0.0	0.0
27011	1600677371.687	0.0	0.0	0.0
27011	1600677371.986	0.0	0.0	0.0
27011	1600677375.286	0.0	0.0	0.0
27011	1600677375.786	0.0	0.0	0.0
27011	1600677376.285	0.0	0.0	0.0
27011	1600677376.786	0.0	0.0	0.0
27011	1600677377.285	0.0	0.0	0.0
27011	1600677377.785	0.0	0.0	0.0
27011	1600677378.286	0.0	0.0	0.0
27011	1600677378.786	0.0	0.0	0.0
27011	1600677379.285	0.0	0.0	0.0
27011	1600677379.785	0.0	0.0	0.0
27011	1600677380.285	0.0	0.0	0.0
27011	1600677380.785	0.0	0.0	0.0
27011	1600677381.285	0.0	0.0	0.0
27011	1600677381.785	0.0	0.0	0.0
27011	1600677382.285	0.0	0.0	0.0
27011	1600677382.785	0.0	0.0	0.0
27011	1600677383.286	0.0	0.0	0.0
27011	1600677383.785	0.0	0.0	0.0
27011	1600677384.285	0.0	0.0	0.0
27011	1600677384.785	0.0	0.0	0.0
27011	1600677385.285	0.0	0.0	0.0
27011	1600677385.786	0.0	0.0	0.0
27011	1600677386.285	0.0	0.0	0.0
27011	1600677386.785	0.0	0.0	0.0
27011	1600677387.285	0.0	0.0	0.0
27011	1600677387.785	0.0	0.0	0.0
27011	1600677388.285	0.0	0.0	0.0
27011	1600677388.785	0.0	0.0	0.0
27011	1600677389.285	0.0	0.0	0.0
27011	1600677389.785	-0.0	0.0	0.0
27011	1600677390.285	0.0	0.0	0.0
27011	1600677390.785	0.0	0.0	0.0
27011	1600677391.285	0.0	0.0	0.0
27011	1600677391.785	0.0	0.0	0.0
27011	1600677392.285	0.0	0.0	0.0
27011	1600677392.785	0.0	0.0	0.0
27011	1600677393.285	0.0	0.0	0.0
27011	1600677393.785	0.0	0.0	0.0
27011	1600677394.284	0.0	0.0	0.0
27011	1600677394.785	-0.0	0.0	0.0
27011	1600677395.285	0.0	0.0	0.0
27011	1600677395.785	0.0	0.0	0.0
27011	1600677396.285	0.0	0.0	0.0
27011	1600677396.785	0.0	0.0	0.0
27011	1600677397.285	0.0	0.0	0.0
27011	1600677397.784	0.0	0.0	0.0
27011	1600677398.285	0.0	0.0	0.0
27011	1600677398.784	0.0	0.0	0.0
27011	1600677399.284	0.0	0.0	0.0
27011	1600677399.784	0.0	0.0	0.0
27011	1600677403.184	0.0	0.0	0.0
27011	1600677403.684	0.0	0.0	0.0
27011	1600677404.185	0.0	0.0	0.0
27011	1600677404.685	0.0	0.0	0.0
27011	1600677405.185	0.3	0.0	0.0
27011	1600677405.685	1.2	0.0	0.0
27011	1600677406.184	2.2	0.0	0.0
27011	1600677406.685	3.0	0.0	0.0
27011	1600677407.185	3.5	0.0	0.0
27011	1600677407.684	4.0	0.0	0.0
27011	1600677408.184	4.6	0.0	0.0
27011	1600677408.685	5.1	0.0	0.0
27011	1600677409.184	5.5	0.0	0.0
27011	1600677409.684	6.0	0.0	0.0
27011	1600677410.184	6.5	0.0	0.0
27011	1600677410.684	7.1	0.0	0.0
27011	1600677411.184	7.5	0.0	0.0
27011	1600677411.684	7.9	0.0	0.0
27011	1600677412.184	8.2	0.0	0.0
27011	1600677412.684	8.4	0.0	0.0
27011	1600677413.184	8.7	0.0	0.0
27011	1600677413.684	8.9	0.0	0.0
27011	1600677414.184	9.0	0.0	0.0
27011	1600677414.684	9.2	0.0	0.0
27011	1600677415.185	9.4	0.0	0.0
27011	1600677415.684	9.5	0.0	0.0
27011	1600677416.184	9.5	0.0	0.0
27011	1600677416.683	9.8	0.0	0.0
27011	1600677416.884	9.9	0.0	0.0
9018	1600677497.082	12.1	0.0	0.0
9018	1600677497.581	12.0	0.0	0.0
9018	1600677498.081	11.8	0.0	0.0
9018	1600677498.582	11.7	0.0	0.0
9018	1600677499.081	11.6	0.0	0.0
9018	1600677499.583	11.5	0.0	0.0
9018	1600677500.081	11.4	0.0	0.0
9018	1600677500.581	11.2	0.0	0.0
9018	1600677501.082	11.1	0.0	0.0
9018	1600677501.581	11.0	0.0	0.0
9018	1600677502.081	10.9	0.0	0.0
9018	1600677502.581	10.9	0.0	0.0
9018	1600677503.080	11.0	0.0	0.0
9018	1600677503.581	11.0	0.0	0.0
9018	1600677504.080	11.2	0.0	0.0
9018	1600677504.581	11.4	0.0	0.0
9018	1600677505.082	11.7	0.0	0.0
9018	1600677505.581	11.9	0.0	0.0
9018	1600677506.081	12.2	0.0	0.0
9018	1600677506.580	12.3	0.0	0.0
9018	1600677507.081	12.3	0.0	0.0
9018	1600677507.581	12.3	0.0	0.0
9018	1600677508.081	12.2	0.0	0.0
9018	1600677508.580	12.2	0.0	0.0
9018	1600677509.081	12.3	0.0	0.0
9018	1600677509.581	12.6	0.0	0.0
9018	1600677510.080	12.9	0.0	0.0
9018	1600677510.581	13.2	0.0	0.0
9018	1600677511.080	13.3	0.0	0.0
9018	1600677511.581	13.4	0.0	0.0
9018	1600677512.081	13.3	0.0	0.0
9018	1600677512.580	13.3	0.0	0.0
9018	1600677513.081	13.1	0.0	0.0
9018	1600677513.581	13.0	0.0	0.0
9018	1600677513.981	12.9	0.0	0.0
9018	1600677514.481	12.7	0.0	0.0
9018	1600677514.980	12.7	0.0	0.0
9018	1600677515.480	12.9	0.0	0.0
9018	1600677515.980	13.1	0.0	0.0
9018	1600677516.480	13.3	0.0	0.0
9018	1600677516.981	13.4	0.0	0.0
9018	1600677517.480	13.5	0.0	0.0
9018	1600677517.980	13.5	0.0	0.0
9018	1600677518.480	13.4	0.0	0.0
9018	1600677518.980	13.3	0.0	0.0
9018	1600677519.480	13.0	0.0	0.0
9018	1600677519.980	12.5	0.0	0.0
9018	1600677520.480	11.7	0.0	0.0
9018	1600677520.980	10.7	0.0	0.0
9018	1600677521.482	9.3	0.0	0.0
9018	1600677521.980	8.2	0.0	0.0
9018	1600677522.480	7.2	0.0	0.0
9018	1600677522.980	6.3	0.0	0.0
9018	1600677523.480	5.4	0.0	0.0
9018	1600677523.981	4.7	0.0	0.0
9018	1600677524.480	4.1	0.0	0.0
9018	1600677524.980	3.5	0.0	0.0
9018	1600677525.280	3.2	0.0	0.0
9018	1600677527.580	0.9	0.0	0.0
9018	1600677528.080	0.4	0.0	0.0
9018	1600677528.580	-0.0	0.0	0.0
9018	1600677529.080	-0.1	0.0	0.0
9018	1600677529.580	-0.0	0.0	0.0
9018	1600677530.081	0.0	0.0	0.0
9018	1600677530.580	0.0	0.0	0.0
9018	1600677531.079	0.0	0.0	0.0
9018	1600677531.579	-0.0	0.0	0.0
9018	1600677532.080	0.0	0.0	0.0
9018	1600677532.580	0.0	0.0	0.0
9018	1600677533.081	0.0	0.0	0.0
9018	1600677533.580	0.0	0.0	0.0
9018	1600677534.080	-0.0	0.0	0.0
9018	1600677534.580	0.0	0.0	0.0
9018	1600677535.079	0.0	0.0	0.0
9018	1600677535.579	-0.0	0.0	0.0
9018	1600677536.080	-0.0	0.0	0.0
9018	1600677536.580	0.0	0.0	0.0
9018	1600677537.079	0.0	0.0	0.0
9018	1600677537.581	0.0	0.0	0.0
9018	1600677538.080	0.0	0.0	0.0
9018	1600677538.580	0.0	0.0	0.0
9018	1600677539.079	0.0	0.0	0.0
9018	1600677539.579	0.0	0.0	0.0
9018	1600677540.079	0.0	0.0	0.0
9018	1600677540.579	0.0	0.0	0.0
9018	1600677541.079	0.0	0.0	0.0
9018	1600677541.580	0.0	0.0	0.0
9018	1600677542.079	0.0	0.0	0.0
9018	1600677542.580	0.0	0.0	0.0
9018	1600677543.080	0.0	0.0	0.0
9018	1600677543.580	0.0	0.0	0.0
9018	1600677544.080	0.0	0.0	0.0
9018	1600677544.579	0.0	0.0	0.0
9018	1600677545.080	0.0	0.0	0.0
9018	1600677545.579	-0.0	0.0	0.0
9018	1600677546.079	0.0	0.0	0.0
9018	1600677546.579	-0.0	0.0	0.0
9018	1600677547.179	0.0	0.0	0.0
9018	1600677547.679	-0.0	0.0	0.0
9018	1600677548.179	0.0	0.0	0.0
9018	1600677548.679	0.0	0.0	0.0
9018	1600677549.180	0.0	0.0	0.0
9018	1600677549.679	-0.0	0.0	0.0
9018	1600677550.179	0.0	0.0	0.0
9018	1600677550.680	0.0	0.0	0.0
9018	1600677551.179	0.0	0.0	0.0
9018	1600677551.678	0.0	0.0	0.0
9018	1600677552.179	0.0	0.0	0.0
9018	1600677552.679	0.0	0.0	0.0
9018	1600677553.178	0.0	0.0	0.0
9018	1600677553.679	0.0	0.0	0.0
9018	1600677554.179	0.0	0.0	0.0
9018	1600677554.679	0.0	0.0	0.0
9018	1600677555.178	-0.0	0.0	0.0
9018	1600677555.679	-0.0	0.0	0.0
9018	1600677556.179	-0.0	0.0	0.0
9018	1600677556.679	-0.0	0.0	0.0
9018	1600677557.179	0.0	0.0	0.0
9018	1600677557.379	0.0	0.0	0.0
9018	1600677560.779	0.0	0.0	0.0
9018	1600677561.278	0.0	0.0	0.0
9018	1600677561.778	0.0	0.0	0.0
9018	1600677562.278	0.0	0.0	0.0
9018	1600677562.779	-0.0	0.0	0.0
9018	1600677563.278	0.0	0.0	0.0
9018	1600677563.778	0.0	0.0	0.0
9018	1600677564.279	0.0	0.0	0.0
9018	1600677564.778	0.0	0.0	0.0
9018	1600677565.278	0.0	0.0	0.0
9018	1600677565.778	-0.0	0.0	0.0
9018	1600677566.279	-0.0	0.0	0.0
9018	1600677566.779	0.0	0.0	0.0
9018	1600677567.278	-0.0	0.0	0.0
9018	1600677567.779	-0.0	0.0	0.0
9018	1600677568.278	0.0	0.0	0.0
9018	1600677568.778	0.0	0.0	0.0
9018	1600677569.278	0.0	0.0	0.0
9018	1600677569.778	0.0	0.0	0.0
9018	1600677570.278	0.0	0.0	0.0
9018	1600677570.778	0.0	0.0	0.0
9018	1600677571.278	0.0	0.0	0.0
9018	1600677571.778	0.0	0.0	0.0
9018	1600677572.277	0.0	0.0	0.0
9018	1600677572.778	0.0	0.0	0.0
9018	1600677573.278	0.0	0.0	0.0
9018	1600677573.777	0.0	0.0	0.0
9018	1600677574.278	0.0	0.0	0.0
9018	1600677574.778	0.0	0.0	0.0
9018	1600677575.277	0.0	0.0	0.0
9018	1600677575.778	0.0	0.0	0.0
9018	1600677576.278	0.0	0.0	0.0
9018	1600677576.778	0.0	0.0	0.0
9018	1600677577.278	0.0	0.0	0.0
9018	1600677577.778	0.0	0.0	0.0
9018	1600677578.277	0.0	0.0	0.0
9018	1600677578.777	0.0	0.0	0.0
9018	1600677579.278	0.0	0.0	0.0
9018	1600677579.778	0.0	0.0	0.0
9018	1600677580.278	0.0	0.0	0.0
9018	1600677580.778	0.0	0.0	0.0
9018	1600677581.278	0.0	0.0	0.0
9018	1600677581.777	0.0	0.0	0.0
9018	1600677582.278	0.0	0.0	0.0
9018	1600677582.778	0.0	0.0	0.0
9018	1600677583.277	0.0	0.0	0.0
9018	1600677583.777	0.0	0.0	0.0
9018	1600677584.278	0.0	0.0	0.0
9018	1600677584.777	0.0	0.0	0.0
9018	1600677585.278	0.0	0.0	0.0
9018	1600677585.777	0.0	0.0	0.0
9018	1600677586.278	0.0	0.0	0.0
9018	1600677586.778	0.0	0.0	0.0
9018	1600677587.277	0.0	0.0	0.0
9018	1600677587.777	0.0	0.0	0.0
9018	1600677588.277	0.0	0.0	0.0
9018	1600677588.778	0.0	0.0	0.0
9018	1600677589.277	0.0	0.0	0.0
9018	1600677589.777	0.0	0.0	0.0
9018	1600677590.278	0.0	0.0	0.0
9018	1600677590.577	0.0	0.0	0.0
9018	1600677593.178	0.0	0.0	0.0
9018	1600677593.678	0.0	0.0	0.0
9018	1600677594.178	0.0	0.0	0.0
9018	1600677594.677	0.0	0.0	0.0
9018	1600677595.177	0.0	0.0	0.0
9018	1600677595.678	0.0	0.0	0.0
9018	1600677596.179	0.0	0.0	0.0
9018	1600677596.677	0.0	0.0	0.0
9018	1600677597.178	0.0	0.0	0.0
9018	1600677597.678	0.0	0.0	0.0
9018	1600677598.177	0.0	0.0	0.0
9018	1600677598.676	0.0	0.0	0.0
9018	1600677599.177	0.0	0.0	0.0
9018	1600677599.678	0.0	0.0	0.0
9018	1600677600.177	0.0	0.0	0.0
9018	1600677600.577	0.0	0.0	0.0
9018	1600677601.177	0.0	0.0	0.0
9018	1600677601.677	0.0	0.0	0.0
9018	1600677602.177	-0.0	0.0	0.0
9018	1600677602.677	-0.0	0.0	0.0
9018	1600677603.177	0.0	0.0	0.0
9018	1600677603.677	0.0	0.0	0.0
9018	1600677604.177	0.0	0.0	0.0
9018	1600677604.677	0.0	0.0	0.0
9018	1600677605.178	0.0	0.0	0.0
9018	1600677605.677	0.0	0.0	0.0
9018	1600677606.177	0.0	0.0	0.0
9018	1600677606.676	0.0	0.0	0.0
9018	1600677607.176	0.0	0.0	0.0
9018	1600677607.678	0.0	0.0	0.0
9018	1600677608.176	0.0	0.0	0.0
9018	1600677608.677	0.0	0.0	0.0
9018	1600677609.177	0.0	0.0	0.0
9018	1600677609.677	0.0	0.0	0.0
9018	1600677610.177	0.0	0.0	0.0
9018	1600677610.677	0.0	0.0	0.0
9018	1600677611.177	0.0	0.0	0.0
9018	1600677611.677	0.0	0.0	0.0
9018	1600677612.177	0.0	0.0	0.0
9018	1600677612.676	0.0	0.0	0.0
9018	1600677613.178	0.0	0.0	0.0
9018	1600677613.676	0.0	0.0	0.0
9018	1600677614.178	0.0	0.0	0.0
9018	1600677614.677	0.0	0.0	0.0
9018	1600677615.176	0.0	0.0	0.0
9018	1600677615.677	0.0	0.0	0.0
9018	1600677616.178	0.0	0.0	0.0
9018	1600677616.676	0.0	0.0	0.0
9018	1600677617.178	0.0	0.0	0.0
9018	1600677617.676	0.0	0.0	0.0
9018	1600677617.977	0.0	0.0	0.0
9018	1600677623.276	2.0	0.0	0.0
9018	1600677623.776	2.4	0.0	0.0
9018	1600677624.276	2.8	0.0	0.0
9018	1600677624.760	3.3	0.0	0.0
9018	1600677625.259	3.7	0.0	0.0
9018	1600677625.759	4.2	0.0	0.0
9018	1600677626.259	4.7	0.0	0.0
9018	1600677626.760	5.1	0.0	0.0
9018	1600677627.260	5.4	0.0	0.0
9018	1600677627.759	5.8	0.0	0.0
9018	1600677628.259	6.1	0.0	0.0
9018	1600677628.759	6.4	0.0	0.0
9018	1600677629.259	6.7	0.0	0.0
9018	1600677629.759	6.9	0.0	0.0
9018	1600677630.260	7.1	0.0	0.0
9018	1600677630.759	7.2	0.0	0.0
9018	1600677631.260	7.4	0.0	0.0
9018	1600677631.760	7.7	0.0	0.0
9018	1600677632.259	8.0	0.0	0.0
9018	1600677632.759	8.2	0.0	0.0
9018	1600677633.260	8.5	0.0	0.0
9018	1600677633.759	8.8	0.0	0.0
9018	1600677634.259	9.0	0.0	0.0
9018	1600677634.628	9.3	0.0	0.0
9031	1600677635.129	9.6	0.0	0.0
9031	1600677635.627	10.1	0.0	0.0
9031	1600677636.128	10.5	0.0	0.0
9031	1600677636.628	10.8	0.0	0.0
9031	1600677636.728	10.9	0.0	0.0
9020	1600677663.125	15.4	0.0	0.0
9020	1600677663.625	15.5	0.0	0.0
9020	1600677664.125	15.4	0.0	0.0
9020	1600677667.624	15.7	0.0	0.0
9020	1600677668.125	15.8	0.0	0.0
9020	1600677668.624	15.8	0.0	0.0
9020	1600677669.125	15.6	0.0	0.0
9020	1600677669.625	15.5	0.0	0.0
9020	1600677670.125	15.3	0.0	0.0
9020	1600677670.624	15.1	0.0	0.0
9020	1600677671.124	14.9	0.0	0.0
9020	1600677671.624	14.8	0.0	0.0
9020	1600677672.125	14.6	0.0	0.0
9020	1600677672.624	14.5	0.0	0.0
9020	1600677673.124	14.5	0.0	0.0
9020	1600677673.624	14.5	0.0	0.0
9020	1600677674.125	14.6	0.0	0.0
9020	1600677674.624	14.7	0.0	0.0
9020	1600677675.124	14.9	0.0	0.0
9020	1600677675.625	15.1	0.0	0.0
9020	1600677676.124	15.1	0.0	0.0
9020	1600677676.624	15.0	0.0	0.0
9020	1600677677.125	14.8	0.0	0.0
9020	1600677677.625	14.4	0.0	0.0
9020	1600677678.124	13.8	0.0	0.0
9020	1600677678.624	13.4	0.0	0.0
9020	1600677679.124	12.9	0.0	0.0
9020	1600677679.624	12.4	0.0	0.0
9020	1600677680.124	11.8	0.0	0.0
9020	1600677680.625	11.2	0.0	0.0
9020	1600677681.124	10.6	0.0	0.0
9020	1600677681.624	9.9	0.0	0.0
9020	1600677682.125	9.3	0.0	0.0
9020	1600677682.624	8.7	0.0	0.0
9020	1600677683.124	8.0	0.0	0.0
9020	1600677683.624	7.4	0.0	0.0
9020	1600677684.124	6.8	0.0	0.0
9020	1600677684.624	6.2	0.0	0.0
9020	1600677685.124	5.9	0.0	0.0
9020	1600677685.624	5.7	0.0	0.0
9020	1600677686.124	5.6	0.0	0.0
9020	1600677686.625	5.3	0.0	0.0
9020	1600677687.124	5.0	0.0	0.0
9020	1600677687.624	4.7	0.0	0.0
9020	1600677688.126	4.2	0.0	0.0
9020	1600677688.623	3.6	0.0	0.0
9020	1600677689.125	2.8	0.0	0.0
9020	1600677689.624	2.0	0.0	0.0
9020	1600677690.124	1.6	0.0	0.0
9020	1600677690.624	1.3	0.0	0.0
9020	1600677691.123	1.2	0.0	0.0
9020	1600677691.624	1.1	0.0	0.0
9020	1600677692.124	1.0	0.0	0.0
9020	1600677692.625	0.7	0.0	0.0
9020	1600677693.123	0.3	0.0	0.0
9020	1600677693.623	-0.0	0.0	0.0
9020	1600677694.125	-0.1	0.0	0.0
9020	1600677694.624	-0.0	0.0	0.0
9020	1600677695.124	0.0	0.0	0.0
9020	1600677695.624	0.0	0.0	0.0
9020	1600677696.123	0.0	0.0	0.0
9020	1600677696.623	0.0	0.0	0.0
9020	1600677697.124	0.0	0.0	0.0
9020	1600677697.223	0.0	0.0	0.0
9020	1600677700.723	0.0	0.0	0.0
9020	1600677701.223	0.0	0.0	0.0
9020	1600677701.724	0.0	0.0	0.0
9020	1600677702.223	0.0	0.0	0.0
9020	1600677702.723	0.0	0.0	0.0
9020	1600677703.222	0.0	0.0	0.0
9020	1600677703.723	0.0	0.0	0.0
9020	1600677704.224	0.0	0.0	0.0
9020	1600677704.723	0.0	0.0	0.0
9020	1600677705.223	0.0	0.0	0.0
9020	1600677705.723	0.0	0.0	0.0
9020	1600677706.223	0.0	0.0	0.0
9020	1600677706.723	0.0	0.0	0.0
9020	1600677707.223	0.0	0.0	0.0
9020	1600677707.723	0.0	0.0	0.0
9020	1600677708.223	0.0	0.0	0.0
9020	1600677708.723	0.0	0.0	0.0
9020	1600677709.223	0.0	0.0	0.0
9020	1600677709.723	0.0	0.0	0.0
9020	1600677710.223	0.0	0.0	0.0
9020	1600677710.723	0.0	0.0	0.0
9020	1600677711.223	0.0	0.0	0.0
9020	1600677711.723	0.0	0.0	0.0
9020	1600677712.223	0.0	0.0	0.0
9020	1600677712.722	0.0	0.0	0.0
9020	1600677713.223	0.0	0.0	0.0
9020	1600677713.722	0.0	0.0	0.0
9020	1600677714.223	0.0	0.0	0.0
9020	1600677714.723	0.0	0.0	0.0
9020	1600677715.222	0.0	0.0	0.0
9020	1600677715.723	0.0	0.0	0.0
9020	1600677716.223	0.0	0.0	0.0
9020	1600677716.722	0.0	0.0	0.0
9020	1600677717.223	0.0	0.0	0.0
9020	1600677717.722	0.0	0.0	0.0
9020	1600677718.223	0.0	0.0	0.0
9020	1600677718.722	0.0	0.0	0.0
9020	1600677719.222	0.0	0.0	0.0
9020	1600677719.723	0.0	0.0	0.0
9020	1600677720.223	0.0	0.0	0.0
9020	1600677720.722	0.0	0.0	0.0
9020	1600677721.223	0.0	0.0	0.0
9020	1600677721.323	0.0	0.0	0.0
9020	1600677725.222	0.7	0.0	0.0
9020	1600677725.722	0.9	0.0	0.0
9020	1600677726.222	1.4	0.0	0.0
9020	1600677726.722	2.1	0.0	0.0
9020	1600677727.222	2.6	0.0	0.0
9020	1600677727.722	3.0	0.0	0.0
9020	1600677728.222	3.3	0.0	0.0
9020	1600677728.722	3.5	0.0	0.0
9020	1600677729.225	3.9	0.0	0.0
9020	1600677729.722	4.3	0.0	0.0
9020	1600677730.222	4.8	0.0	0.0
9020	1600677730.722	5.1	0.0	0.0
9020	1600677731.222	5.5	0.0	0.0
9020	1600677731.722	5.8	0.0	0.0
9020	1600677732.222	6.2	0.0	0.0
9020	1600677732.721	6.5	0.0	0.0
9020	1600677733.222	6.8	0.0	0.0
9020	1600677733.722	7.1	0.0	0.0
9020	1600677734.222	7.2	0.0	0.0
9020	1600677734.722	7.2	0.0	0.0
9020	1600677735.222	7.3	0.0	0.0
9020	1600677735.721	7.3	0.0	0.0
9020	1600677736.222	7.3	0.0	0.0
9020	1600677736.721	7.4	0.0	0.0
9020	1600677737.222	7.5	0.0	0.0
9020	1600677737.722	7.7	0.0	0.0
9020	1600677738.222	8.1	0.0	0.0
9020	1600677738.722	8.3	0.0	0.0
9020	1600677739.221	8.5	0.0	0.0
9020	1600677739.722	8.5	0.0	0.0
9020	1600677740.222	8.7	0.0	0.0
9020	1600677740.722	9.1	0.0	0.0
9020	1600677740.822	9.2	0.0	0.0
9021	1600677743.121	10.3	0.0	0.0
9021	1600677743.622	10.3	0.0	0.0
9021	1600677744.122	10.4	0.0	0.0
9021	1600677744.622	10.6	0.0	0.0
9021	1600677745.122	10.9	0.0	0.0
9021	1600677745.623	11.0	0.0	0.0
9021	1600677746.122	11.0	0.0	0.0
9021	1600677746.623	10.9	0.0	0.0
9021	1600677747.122	10.9	0.0	0.0
9021	1600677747.622	11.0	0.0	0.0
9021	1600677748.121	11.3	0.0	0.0
9021	1600677748.622	11.6	0.0	0.0
9021	1600677749.122	11.8	0.0	0.0
9021	1600677749.622	11.8	0.0	0.0
9021	1600677750.122	11.6	0.0	0.0
9021	1600677750.621	11.5	0.0	0.0
9021	1600677751.121	11.4	0.0	0.0
9021	1600677751.621	11.3	0.0	0.0
9021	1600677752.122	11.3	0.0	0.0
9021	1600677752.622	11.3	0.0	0.0
9021	1600677753.121	11.2	0.0	0.0
9021	1600677753.621	11.2	0.0	0.0
9021	1600677754.121	11.2	0.0	0.0
9021	1600677754.621	11.5	0.0	0.0
9021	1600677755.122	11.9	0.0	0.0
9021	1600677755.621	12.3	0.0	0.0
9021	1600677756.121	12.7	0.0	0.0
9021	1600677756.621	13.1	0.0	0.0
9021	1600677757.122	13.2	0.0	0.0
9021	1600677757.621	13.1	0.0	0.0
9021	1600677758.121	12.9	0.0	0.0
9021	1600677758.622	12.7	0.0	0.0
9021	1600677759.122	12.4	0.0	0.0
9021	1600677759.621	12.2	0.0	0.0
9021	1600677760.121	12.0	0.0	0.0
9021	1600677760.621	11.9	0.0	0.0
9021	1600677761.121	11.8	0.0	0.0
9021	1600677761.620	11.7	0.0	0.0
9021	1600677762.121	11.7	0.0	0.0
9021	1600677762.621	11.6	0.0	0.0
9021	1600677763.121	11.6	0.0	0.0
9021	1600677763.621	11.5	0.0	0.0
9021	1600677764.121	11.7	0.0	0.0
9021	1600677764.621	11.9	0.0	0.0
9021	1600677765.122	12.1	0.0	0.0
9021	1600677765.620	12.1	0.0	0.0
9021	1600677766.122	12.0	0.0	0.0
9021	1600677766.622	11.9	0.0	0.0
9021	1600677767.121	11.7	0.0	0.0
9021	1600677767.621	11.7	0.0	0.0
9021	1600677768.121	11.9	0.0	0.0
9021	1600677768.621	12.0	0.0	0.0
9021	1600677769.121	12.2	0.0	0.0
9021	1600677769.621	12.5	0.0	0.0
9021	1600677770.121	12.8	0.0	0.0
9021	1600677770.620	13.0	0.0	0.0
9021	1600677771.121	12.9	0.0	0.0
9021	1600677771.621	12.8	0.0	0.0
9021	1600677772.121	12.6	0.0	0.0
9021	1600677772.621	12.4	0.0	0.0
9021	1600677773.121	12.2	0.0	0.0
9021	1600677773.621	12.0	0.0	0.0
9021	1600677773.921	11.8	0.0	0.0
9021	1600677777.220	7.3	0.0	0.0
9021	1600677777.720	6.6	0.0	0.0
9021	1600677778.220	5.9	0.0	0.0
9021	1600677778.721	5.2	0.0	0.0
9021	1600677779.220	4.4	0.0	0.0
9021	1600677779.720	3.7	0.0	0.0
9021	1600677780.220	3.1	0.0	0.0
9021	1600677780.720	2.8	0.0	0.0
9021	1600677781.220	2.7	0.0	0.0
9021	1600677781.721	2.5	0.0	0.0
9021	1600677782.220	2.2	0.0	0.0
9021	1600677782.719	1.7	0.0	0.0
9021	1600677783.220	1.3	0.0	0.0
9021	1600677783.721	0.9	0.0	0.0
9021	1600677784.220	0.6	0.0	0.0
9021	1600677784.720	0.2	0.0	0.0
9021	1600677785.220	-0.0	0.0	0.0
9021	1600677785.720	-0.1	0.0	0.0
9021	1600677786.221	-0.0	0.0	0.0
9021	1600677786.720	0.0	0.0	0.0
9021	1600677787.220	0.0	0.0	0.0
9021	1600677787.720	0.0	0.0	0.0
9021	1600677788.220	0.0	0.0	0.0
9021	1600677788.719	0.0	0.0	0.0
9021	1600677789.220	0.0	0.0	0.0
9021	1600677789.720	0.0	0.0	0.0
9021	1600677790.220	0.0	0.0	0.0
9021	1600677790.720	-0.0	0.0	0.0
9021	1600677791.220	0.0	0.0	0.0
9021	1600677791.719	0.0	0.0	0.0
9021	1600677792.219	-0.0	0.0	0.0
9021	1600677792.719	0.0	0.0	0.0
9021	1600677793.220	0.0	0.0	0.0
9021	1600677793.720	0.0	0.0	0.0
9021	1600677794.219	0.0	0.0	0.0
9021	1600677794.720	0.0	0.0	0.0
9021	1600677795.220	0.0	0.0	0.0
9021	1600677795.719	0.0	0.0	0.0
9021	1600677796.220	0.0	0.0	0.0
9021	1600677796.719	0.0	0.0	0.0
9021	1600677797.219	0.0	0.0	0.0
9021	1600677797.720	0.0	0.0	0.0
9021	1600677798.219	0.0	0.0	0.0
9021	1600677798.719	0.0	0.0	0.0
9021	1600677799.219	0.0	0.0	0.0
9021	1600677799.720	0.0	0.0	0.0
9021	1600677800.219	0.0	0.0	0.0
9021	1600677800.719	0.0	0.0	0.0
9021	1600677801.219	0.0	0.0	0.0
9021	1600677801.720	0.0	0.0	0.0
9021	1600677802.219	0.0	0.0	0.0
9021	1600677802.619	0.0	0.0	0.0
9021	1600677805.619	0.0	0.0	0.0
9021	1600677806.121	0.0	0.0	0.0
9021	1600677806.620	0.0	0.0	0.0
9021	1600677807.120	0.0	0.0	0.0
9021	1600677807.619	0.0	0.0	0.0
9021	1600677808.119	0.0	0.0	0.0
9021	1600677808.619	0.0	0.0	0.0
9021	1600677809.119	0.0	0.0	0.0
9021	1600677809.620	0.0	0.0	0.0
9021	1600677810.119	0.0	0.0	0.0
9021	1600677810.619	0.0	0.0	0.0
9021	1600677811.119	0.0	0.0	0.0
9021	1600677811.619	0.0	0.0	0.0
9021	1600677812.120	0.0	0.0	0.0
9021	1600677812.619	0.0	0.0	0.0
9021	1600677813.119	0.0	0.0	0.0
9021	1600677813.619	0.0	0.0	0.0
9021	1600677814.119	0.0	0.0	0.0
9021	1600677814.619	0.0	0.0	0.0
9021	1600677815.119	0.0	0.0	0.0
9021	1600677815.619	0.0	0.0	0.0
9021	1600677816.119	0.0	0.0	0.0
9021	1600677816.619	0.0	0.0	0.0
9021	1600677817.119	0.0	0.0	0.0
9021	1600677817.619	0.0	0.0	0.0
9021	1600677818.119	0.0	0.0	0.0
9021	1600677818.619	0.0	0.0	0.0
9021	1600677819.118	0.0	0.0	0.0
9021	1600677819.619	0.0	0.0	0.0
9021	1600677820.119	0.0	0.0	0.0
9021	1600677820.618	0.0	0.0	0.0
9021	1600677821.119	0.0	0.0	0.0
9021	1600677821.619	0.0	0.0	0.0
9021	1600677822.119	0.0	0.0	0.0
9021	1600677822.619	0.0	0.0	0.0
9021	1600677823.118	0.0	0.0	0.0
9021	1600677823.619	-0.0	0.0	0.0
9021	1600677824.120	0.0	0.0	0.0
9021	1600677824.620	0.0	0.0	0.0
9021	1600677825.119	0.0	0.0	0.0
9021	1600677825.619	0.0	0.0	0.0
9021	1600677826.119	0.0	0.0	0.0
9021	1600677826.619	0.0	0.0	0.0
9021	1600677827.119	0.0	0.0	0.0
9021	1600677827.618	0.0	0.0	0.0
9021	1600677828.119	0.0	0.0	0.0
9021	1600677828.619	0.0	0.0	0.0
9021	1600677829.118	0.0	0.0	0.0
9021	1600677829.619	0.0	0.0	0.0
9021	1600677830.118	0.0	0.0	0.0
9021	1600677830.619	0.0	0.0	0.0
9021	1600677831.119	0.0	0.0	0.0
9021	1600677831.618	0.0	0.0	0.0
9021	1600677832.118	0.0	0.0	0.0
9021	1600677832.619	0.0	0.0	0.0
9021	1600677833.118	0.0	0.0	0.0
9021	1600677833.618	0.0	0.0	0.0
9021	1600677834.119	0.0	0.0	0.0
9021	1600677834.619	-0.0	0.0	0.0
9021	1600677835.118	0.0	0.0	0.0
9021	1600677835.218	0.0	0.0	0.0
9021	1600677842.218	4.9	0.0	0.0
9021	1600677842.717	5.3	0.0	0.0
9021	1600677843.218	5.8	0.0	0.0
9021	1600677843.717	6.3	0.0	0.0
9021	1600677844.218	7.0	0.0	0.0
9021	1600677844.717	7.5	0.0	0.0
9021	1600677845.218	8.1	0.0	0.0
9021	1600677845.718	8.6	0.0	0.0
9021	1600677846.217	9.1	0.0	0.0
9021	1600677846.719	9.3	0.0	0.0
9021	1600677847.218	9.4	0.0	0.0
9021	1600677847.717	9.8	0.0	0.0
9021	1600677848.217	10.5	0.0	0.0
9021	1600677848.717	11.1	0.0	0.0
9021	1600677849.218	11.6	0.0	0.0
9021	1600677849.717	12.0	0.0	0.0
9021	1600677850.217	12.3	0.0	0.0
9021	1600677850.717	12.4	0.0	0.0
9021	1600677850.817	12.4	0.0	0.0
9024	1600678125.107	12.1	0.0	0.0
9024	1600678125.608	12.5	0.0	0.0
9024	1600678126.108	12.7	0.0	0.0
9024	1600678129.208	12.6	0.0	0.0
9024	1600678129.707	12.5	0.0	0.0
9024	1600678130.207	12.5	0.0	0.0
9024	1600678130.707	12.6	0.0	0.0
9024	1600678131.207	12.6	0.0	0.0
9024	1600678131.707	12.6	0.0	0.0
9024	1600678132.207	12.5	0.0	0.0
9024	1600678132.707	12.4	0.0	0.0
9024	1600678133.207	12.3	0.0	0.0
9024	1600678133.707	12.5	0.0	0.0
9024	1600678134.207	12.7	0.0	0.0
9024	1600678134.706	12.9	0.0	0.0
9024	1600678135.207	13.1	0.0	0.0
9024	1600678135.707	13.1	0.0	0.0
9024	1600678136.206	13.1	0.0	0.0
9024	1600678136.707	13.1	0.0	0.0
9024	1600678137.207	13.1	0.0	0.0
9024	1600678137.706	13.1	0.0	0.0
9024	1600678138.207	13.0	0.0	0.0
9024	1600678138.707	12.9	0.0	0.0
9024	1600678139.207	12.8	0.0	0.0
9024	1600678139.707	12.7	0.0	0.0
9024	1600678140.207	12.5	0.0	0.0
9024	1600678140.807	12.4	0.0	0.0
9024	1600678141.207	12.3	0.0	0.0
9024	1600678141.707	11.9	0.0	0.0
9024	1600678142.207	11.1	0.0	0.0
9024	1600678142.706	10.0	0.0	0.0
9024	1600678143.207	8.8	0.0	0.0
9024	1600678143.706	7.7	0.0	0.0
9024	1600678144.206	6.7	0.0	0.0
9024	1600678144.707	5.9	0.0	0.0
9024	1600678145.207	5.2	0.0	0.0
9024	1600678145.707	4.6	0.0	0.0
9024	1600678146.206	4.3	0.0	0.0
9024	1600678146.706	4.2	0.0	0.0
9024	1600678147.206	4.2	0.0	0.0
9024	1600678147.706	4.1	0.0	0.0
9024	1600678148.306	3.7	0.0	0.0
9024	1600678148.706	3.4	0.0	0.0
9024	1600678149.306	2.9	0.0	0.0
9024	1600678149.707	2.5	0.0	0.0
9024	1600678150.306	1.9	0.0	0.0
9024	1600678150.706	1.5	0.0	0.0
9024	1600678151.206	1.3	0.0	0.0
9024	1600678151.706	1.2	0.0	0.0
9024	1600678152.306	1.1	0.0	0.0
9024	1600678152.706	1.1	0.0	0.0
9024	1600678153.306	1.0	0.0	0.0
9024	1600678153.707	1.0	0.0	0.0
9024	1600678154.205	1.1	0.0	0.0
9024	1600678154.706	1.2	0.0	0.0
9024	1600678155.207	1.3	0.0	0.0
9024	1600678155.706	1.4	0.0	0.0
9024	1600678156.206	1.5	0.0	0.0
9024	1600678156.706	1.5	0.0	0.0
9024	1600678157.206	1.5	0.0	0.0
9024	1600678157.706	1.3	0.0	0.0
9024	1600678158.205	1.2	0.0	0.0
9024	1600678158.806	1.0	0.0	0.0
9024	1600678159.206	0.8	0.0	0.0
9024	1600678159.805	0.5	0.0	0.0
9024	1600678160.306	0.6	0.0	0.0
9024	1600678160.806	0.7	0.0	0.0
9024	1600678161.205	0.9	0.0	0.0
9024	1600678161.706	1.0	0.0	0.0
9024	1600678162.305	1.2	0.0	0.0
9024	1600678162.706	1.3	0.0	0.0
9024	1600678163.305	1.4	0.0	0.0
9024	1600678163.806	1.5	0.0	0.0
9024	1600678164.206	1.5	0.0	0.0
9024	1600678164.705	1.6	0.0	0.0
9024	1600678165.205	1.6	0.0	0.0
9024	1600678165.706	1.7	0.0	0.0
9024	1600678166.305	1.7	0.0	0.0
9024	1600678166.705	1.8	0.0	0.0
9024	1600678167.305	1.9	0.0	0.0
9024	1600678167.806	2.0	0.0	0.0
9024	1600678168.206	2.0	0.0	0.0
9024	1600678168.806	2.0	0.0	0.0
9024	1600678169.305	2.0	0.0	0.0
9024	1600678169.806	2.3	0.0	0.0
9024	1600678170.305	2.9	0.0	0.0
9024	1600678170.805	3.6	0.0	0.0
9024	1600678171.305	4.0	0.0	0.0
9024	1600678171.806	4.2	0.0	0.0
9024	1600678172.306	4.3	0.0	0.0
9024	1600678172.805	4.4	0.0	0.0
9024	1600678173.306	4.6	0.0	0.0
9024	1600678173.806	4.8	0.0	0.0
9024	1600678174.305	4.7	0.0	0.0
9024	1600678174.705	4.5	0.0	0.0
9024	1600678175.206	4.3	0.0	0.0
9024	1600678175.805	4.2	0.0	0.0
9024	1600678176.305	4.2	0.0	0.0
9024	1600678176.705	4.2	0.0	0.0
9024	1600678177.206	4.3	0.0	0.0
9024	1600678177.805	4.3	0.0	0.0
9024	1600678178.305	4.4	0.0	0.0
9024	1600678178.705	4.5	0.0	0.0
9024	1600678182.304	6.7	0.0	0.0
9024	1600678182.805	6.8	0.0	0.0
9024	1600678183.305	6.8	0.0	0.0
9024	1600678183.805	6.9	0.0	0.0
9024	1600678184.205	6.8	0.0	0.0
9024	1600678184.805	6.6	0.0	0.0
9024	1600678185.305	6.3	0.0	0.0
9024	1600678185.805	6.2	0.0	0.0
9024	1600678186.205	6.2	0.0	0.0
9024	1600678186.804	6.1	0.0	0.0
9024	1600678187.305	6.1	0.0	0.0
9024	1600678187.806	6.0	0.0	0.0
9024	1600678188.305	6.0	0.0	0.0
9024	1600678188.805	5.8	0.0	0.0
9024	1600678189.305	5.0	0.0	0.0
9024	1600678189.805	3.5	0.0	0.0
9024	1600678190.305	1.7	0.0	0.0
9024	1600678190.705	0.8	0.0	0.0
9024	1600678191.205	0.3	0.0	0.0
9024	1600678191.705	0.4	0.0	0.0
9024	1600678192.305	0.7	0.0	0.0
9024	1600678192.805	0.8	0.0	0.0
9024	1600678193.305	0.7	0.0	0.0
9024	1600678193.804	0.4	0.0	0.0
9024	1600678194.205	0.4	0.0	0.0
9024	1600678194.805	0.2	0.0	0.0
9024	1600678195.305	0.1	0.0	0.0
9024	1600678195.704	0.1	0.0	0.0
9024	1600678196.305	0.2	0.0	0.0
9024	1600678196.805	0.1	0.0	0.0
9024	1600678197.304	-0.0	0.0	0.0
9024	1600678197.804	-0.0	0.0	0.0
9024	1600678198.305	-0.0	0.0	0.0
9024	1600678198.804	0.0	0.0	0.0
9024	1600678199.204	0.0	0.0	0.0
9024	1600678199.805	0.0	0.0	0.0
9024	1600678200.304	0.1	0.0	0.0
9024	1600678200.804	0.3	0.0	0.0
9024	1600678201.305	0.4	0.0	0.0
9024	1600678201.804	0.4	0.0	0.0
9024	1600678202.305	0.1	0.0	0.0
9024	1600678202.805	-0.0	0.0	0.0
9024	1600678203.305	-0.0	0.0	0.0
9024	1600678203.804	0.0	0.0	0.0
9024	1600678204.304	0.0	0.0	0.0
9024	1600678204.805	0.0	0.0	0.0
9024	1600678205.305	0.0	0.0	0.0
9024	1600678205.804	0.0	0.0	0.0
9024	1600678206.305	0.0	0.0	0.0
9024	1600678206.804	0.0	0.0	0.0
9024	1600678207.304	-0.0	0.0	0.0
9024	1600678207.805	0.0	0.0	0.0
9024	1600678208.304	0.0	0.0	0.0
9024	1600678208.804	0.0	0.0	0.0
9024	1600678209.304	0.0	0.0	0.0
9024	1600678209.804	0.0	0.0	0.0
9024	1600678210.304	0.0	0.0	0.0
9024	1600678210.803	-0.0	0.0	0.0
9024	1600678211.304	-0.0	0.0	0.0
9024	1600678211.804	0.0	0.0	0.0
9024	1600678212.303	0.0	0.0	0.0
9024	1600678212.804	0.0	0.0	0.0
9024	1600678213.304	0.0	0.0	0.0
9024	1600678213.704	0.0	0.0	0.0
9024	1600678214.203	0.0	0.0	0.0
9024	1600678214.804	0.0	0.0	0.0
9024	1600678215.303	-0.0	0.0	0.0
9024	1600678215.804	0.0	0.0	0.0
9024	1600678220.203	0.0	0.0	0.0
9024	1600678220.704	-0.0	0.0	0.0
9024	1600678221.204	-0.0	0.0	0.0
9024	1600678221.704	0.0	0.0	0.0
9024	1600678222.104	0.0	0.0	0.0
9024	1600678222.703	0.0	0.0	0.0
9024	1600678223.203	0.0	0.0	0.0
9024	1600678223.704	0.0	0.0	0.0
9024	1600678224.204	0.0	0.0	0.0
9024	1600678224.704	-0.0	0.0	0.0
9024	1600678225.204	0.0	0.0	0.0
9024	1600678225.703	0.0	0.0	0.0
9024	1600678226.204	0.0	0.0	0.0
9024	1600678226.704	0.0	0.0	0.0
9024	1600678227.203	0.0	0.0	0.0
9024	1600678227.703	0.0	0.0	0.0
9024	1600678228.104	0.0	0.0	0.0
9024	1600678228.704	0.0	0.0	0.0
9024	1600678229.204	0.0	0.0	0.0
9024	1600678229.604	0.0	0.0	0.0
9024	1600678230.203	-0.0	0.0	0.0
9024	1600678230.703	0.0	0.0	0.0
9024	1600678231.203	0.0	0.0	0.0
9024	1600678231.704	0.0	0.0	0.0
9024	1600678232.205	0.0	0.0	0.0
9024	1600678232.703	-0.0	0.0	0.0
9024	1600678233.204	0.0	0.0	0.0
9024	1600678233.703	0.0	0.0	0.0
9024	1600678234.203	0.0	0.0	0.0
9024	1600678234.704	0.0	0.0	0.0
9024	1600678235.204	0.0	0.0	0.0
9024	1600678235.703	0.0	0.0	0.0
9024	1600678236.204	-0.0	0.0	0.0
9024	1600678236.704	-0.0	0.0	0.0
9024	1600678237.203	0.0	0.0	0.0
9024	1600678237.703	0.0	0.0	0.0
9024	1600678238.203	0.0	0.0	0.0
9024	1600678238.703	-0.0	0.0	0.0
9024	1600678239.205	0.0	0.0	0.0
9024	1600678239.703	0.0	0.0	0.0
9024	1600678240.203	0.0	0.0	0.0
9024	1600678240.703	0.0	0.0	0.0
9024	1600678241.203	0.0	0.0	0.0
9024	1600678241.603	0.0	0.0	0.0
9024	1600678242.203	0.0	0.0	0.0
9024	1600678242.703	-0.0	0.0	0.0
9024	1600678243.203	-0.0	0.0	0.0
9024	1600678243.703	-0.0	0.0	0.0
9024	1600678244.203	0.0	0.0	0.0
9024	1600678244.703	0.0	0.0	0.0
9024	1600678245.103	-0.0	0.0	0.0
9024	1600678247.703	0.0	0.0	0.0
9024	1600678248.203	0.0	0.0	0.0
9024	1600678248.702	0.0	0.0	0.0
9024	1600678249.202	0.0	0.0	0.0
9024	1600678249.702	0.0	0.0	0.0
9024	1600678250.203	0.0	0.0	0.0
9024	1600678250.702	0.0	0.0	0.0
9024	1600678251.202	0.0	0.0	0.0
9024	1600678251.704	0.0	0.0	0.0
9024	1600678252.202	0.0	0.0	0.0
9024	1600678252.702	0.0	0.0	0.0
9024	1600678253.203	0.0	0.0	0.0
9024	1600678253.702	0.0	0.0	0.0
9024	1600678254.202	0.0	0.0	0.0
9024	1600678254.703	0.0	0.0	0.0
9024	1600678255.203	0.0	0.0	0.0
9024	1600678255.703	-0.0	0.0	0.0
9024	1600678256.202	0.0	0.0	0.0
9024	1600678256.703	0.0	0.0	0.0
9024	1600678257.203	0.0	0.0	0.0
9024	1600678257.702	0.0	0.0	0.0
9024	1600678258.203	0.0	0.0	0.0
9024	1600678258.702	0.0	0.0	0.0
9024	1600678259.202	-0.0	0.0	0.0
9024	1600678259.703	-0.0	0.0	0.0
9024	1600678260.202	-0.0	0.0	0.0
9024	1600678260.702	0.0	0.0	0.0
9024	1600678261.202	0.0	0.0	0.0
9024	1600678261.702	0.0	0.0	0.0
9024	1600678262.202	0.0	0.0	0.0
9024	1600678262.703	0.0	0.0	0.0
9024	1600678263.202	0.0	0.0	0.0
9024	1600678263.702	0.0	0.0	0.0
9024	1600678264.202	0.0	0.0	0.0
9024	1600678264.703	-0.0	0.0	0.0
9024	1600678265.202	0.0	0.0	0.0
9024	1600678265.702	0.0	0.0	0.0
9024	1600678266.202	0.0	0.0	0.0
9024	1600678266.702	0.0	0.0	0.0
9024	1600678267.202	0.0	0.0	0.0
9024	1600678267.702	-0.0	0.0	0.0
9024	1600678268.102	0.0	0.0	0.0
9024	1600678271.202	-0.0	0.0	0.0
9024	1600678271.702	0.0	0.0	0.0
9024	1600678272.201	0.0	0.0	0.0
9024	1600678272.702	0.0	0.0	0.0
9024	1600678273.201	0.0	0.0	0.0
9024	1600678273.702	0.0	0.0	0.0
9024	1600678274.202	0.0	0.0	0.0
9024	1600678274.702	0.0	0.0	0.0
9024	1600678275.202	0.0	0.0	0.0
9024	1600678275.702	0.0	0.0	0.0
9024	1600678276.201	-0.0	0.0	0.0
9024	1600678276.702	-0.0	0.0	0.0
9024	1600678277.201	-0.0	0.0	0.0
9024	1600678277.702	0.0	0.0	0.0
9024	1600678278.202	0.0	0.0	0.0
9024	1600678278.702	0.0	0.0	0.0
9024	1600678279.202	0.0	0.0	0.0
9024	1600678279.701	0.0	0.0	0.0
9024	1600678280.201	0.0	0.0	0.0
9024	1600678280.701	-0.0	0.0	0.0
9024	1600678281.201	-0.0	0.0	0.0
9024	1600678281.702	0.0	0.0	0.0
9024	1600678282.202	0.0	0.0	0.0
9024	1600678282.701	0.2	0.0	0.0
9024	1600678283.201	0.4	0.0	0.0
9024	1600678283.702	0.5	0.0	0.0
9024	1600678284.201	0.5	0.0	0.0
9024	1600678284.701	0.3	0.0	0.0
9024	1600678285.201	0.1	0.0	0.0
9024	1600678285.702	0.1	0.0	0.0
9024	1600678286.201	0.2	0.0	0.0
9024	1600678286.701	0.4	0.0	0.0
9024	1600678287.201	0.6	0.0	0.0
9024	1600678287.701	0.8	0.0	0.0
9024	1600678288.202	1.1	0.0	0.0
9024	1600678288.701	1.9	0.0	0.0
9024	1600678289.202	2.6	0.0	0.0
9024	1600678289.702	2.9	0.0	0.0
9024	1600678290.201	3.1	0.0	0.0
9024	1600678290.702	3.2	0.0	0.0
9024	1600678291.201	3.2	0.0	0.0
9024	1600678291.702	3.1	0.0	0.0
9024	1600678292.201	2.9	0.0	0.0
9024	1600678292.702	2.7	0.0	0.0
9024	1600678293.201	2.4	0.0	0.0
9024	1600678293.701	2.3	0.0	0.0
9024	1600678294.201	2.2	0.0	0.0
9024	1600678294.701	2.1	0.0	0.0
9024	1600678295.201	2.2	0.0	0.0
9024	1600678295.701	2.3	0.0	0.0
9024	1600678296.200	2.4	0.0	0.0
9024	1600678296.701	2.5	0.0	0.0
9024	1600678297.201	2.7	0.0	0.0
9024	1600678297.701	3.0	0.0	0.0
9024	1600678298.201	3.3	0.0	0.0
9024	1600678298.700	3.8	0.0	0.0
9024	1600678299.200	4.3	0.0	0.0
9024	1600678299.701	4.7	0.0	0.0
9024	1600678300.201	5.1	0.0	0.0
9024	1600678300.701	5.5	0.0	0.0
9024	1600678301.200	5.9	0.0	0.0
9024	1600678301.700	6.4	0.0	0.0
9024	1600678302.201	6.8	0.0	0.0
9024	1600678302.701	7.2	0.0	0.0
9024	1600678303.201	7.4	0.0	0.0
9024	1600678303.700	7.7	0.0	0.0
9024	1600678304.201	7.9	0.0	0.0
9024	1600678304.701	8.1	0.0	0.0
9024	1600678305.201	8.0	0.0	0.0
9024	1600678305.700	7.9	0.0	0.0
9024	1600678306.201	7.9	0.0	0.0
9024	1600678306.700	7.8	0.0	0.0
9024	1600678307.200	7.8	0.0	0.0
9024	1600678307.701	8.0	0.0	0.0
9024	1600678308.200	8.2	0.0	0.0
9024	1600678308.700	8.6	0.0	0.0
9024	1600678309.200	8.9	0.0	0.0
9024	1600678309.701	9.2	0.0	0.0
9024	1600678310.200	9.6	0.0	0.0
9024	1600678310.700	9.8	0.0	0.0
9024	1600678311.201	10.0	0.0	0.0
9024	1600678311.701	10.2	0.0	0.0
9024	1600678312.200	10.6	0.0	0.0
9024	1600678312.700	10.9	0.0	0.0
9024	1600678313.201	11.3	0.0	0.0
9024	1600678313.701	11.5	0.0	0.0
9024	1600678314.200	11.6	0.0	0.0
9024	1600678314.700	11.7	0.0	0.0
9024	1600678315.201	11.9	0.0	0.0
9024	1600678315.700	12.2	0.0	0.0
9024	1600678316.201	12.5	0.0	0.0
9024	1600678316.700	12.6	0.0	0.0
9024	1600678316.800	12.7	0.0	0.0
9026	1600678407.196	12.2	0.0	0.0
9026	1600678407.697	12.7	0.0	0.0
9026	1600678408.197	13.2	0.0	0.0
9026	1600678408.696	13.7	0.0	0.0
9026	1600678409.198	14.1	0.0	0.0
9026	1600678409.697	14.5	0.0	0.0
9026	1600678410.196	14.9	0.0	0.0
9026	1600678410.697	15.1	0.0	0.0
9026	1600678411.197	15.2	0.0	0.0
9026	1600678411.696	15.0	0.0	0.0
9026	1600678412.197	14.8	0.0	0.0
9026	1600678412.697	14.8	0.0	0.0
9026	1600678413.196	15.0	0.0	0.0
9026	1600678413.697	15.4	0.0	0.0
9026	1600678414.196	15.6	0.0	0.0
9026	1600678414.696	15.6	0.0	0.0
9026	1600678415.197	15.4	0.0	0.0
9026	1600678415.696	15.3	0.0	0.0
9026	1600678416.196	15.3	0.0	0.0
9026	1600678416.696	15.5	0.0	0.0
9026	1600678417.196	15.9	0.0	0.0
9026	1600678417.696	16.3	0.0	0.0
9026	1600678418.196	16.5	0.0	0.0
9026	1600678418.696	16.5	0.0	0.0
9026	1600678419.196	16.3	0.0	0.0
9026	1600678419.696	16.2	0.0	0.0
9026	1600678420.196	16.0	0.0	0.0
9026	1600678420.696	15.9	0.0	0.0
9026	1600678421.196	15.9	0.0	0.0
9026	1600678421.696	15.9	0.0	0.0
9026	1600678422.196	15.8	0.0	0.0
9026	1600678422.696	15.6	0.0	0.0
9026	1600678423.196	15.5	0.0	0.0
9026	1600678423.696	15.3	0.0	0.0
9026	1600678424.196	15.5	0.0	0.0
9026	1600678424.696	15.8	0.0	0.0
9026	1600678425.196	16.1	0.0	0.0
9026	1600678425.696	16.2	0.0	0.0
9026	1600678426.195	16.2	0.0	0.0
9026	1600678426.695	16.2	0.0	0.0
9026	1600678427.195	16.2	0.0	0.0
9026	1600678427.696	16.2	0.0	0.0
9026	1600678430.296	16.1	0.0	0.0
9026	1600678430.796	16.1	0.0	0.0
9026	1600678431.296	16.0	0.0	0.0
9026	1600678431.796	16.1	0.0	0.0
9026	1600678432.295	16.2	0.0	0.0
9026	1600678432.795	16.1	0.0	0.0
9026	1600678433.295	15.9	0.0	0.0
9026	1600678433.796	15.7	0.0	0.0
9026	1600678434.296	15.4	0.0	0.0
9026	1600678434.795	15.2	0.0	0.0
9026	1600678435.296	15.1	0.0	0.0
9026	1600678435.796	15.1	0.0	0.0
9026	1600678436.296	15.2	0.0	0.0
9026	1600678436.795	15.4	0.0	0.0
9026	1600678437.295	15.7	0.0	0.0
9026	1600678437.796	15.9	0.0	0.0
9026	1600678438.295	16.0	0.0	0.0
9026	1600678438.796	15.9	0.0	0.0
9026	1600678439.295	15.6	0.0	0.0
9026	1600678439.795	15.3	0.0	0.0
9026	1600678440.296	15.0	0.0	0.0
9026	1600678440.795	14.8	0.0	0.0
9026	1600678441.295	14.6	0.0	0.0
9026	1600678441.795	14.5	0.0	0.0
9026	1600678442.295	14.5	0.0	0.0
9026	1600678442.795	14.6	0.0	0.0
9026	1600678443.295	14.7	0.0	0.0
9026	1600678443.795	14.8	0.0	0.0
9026	1600678444.295	15.0	0.0	0.0
9026	1600678444.795	15.1	0.0	0.0
9026	1600678445.295	15.0	0.0	0.0
9026	1600678445.796	14.8	0.0	0.0
9026	1600678446.295	14.6	0.0	0.0
9026	1600678446.795	14.4	0.0	0.0
9026	1600678447.295	14.2	0.0	0.0
9026	1600678447.795	14.1	0.0	0.0
9026	1600678448.296	14.1	0.0	0.0
9026	1600678448.795	14.3	0.0	0.0
9026	1600678449.295	14.4	0.0	0.0
9026	1600678449.795	14.4	0.0	0.0
9026	1600678450.295	14.3	0.0	0.0
9026	1600678450.795	14.2	0.0	0.0
9026	1600678451.295	14.3	0.0	0.0
9026	1600678451.795	14.6	0.0	0.0
9026	1600678452.295	14.7	0.0	0.0
9026	1600678452.794	14.6	0.0	0.0
9026	1600678453.294	14.3	0.0	0.0
9026	1600678453.795	14.0	0.0	0.0
9026	1600678460.695	9.7	0.0	0.0
9026	1600678461.195	9.2	0.0	0.0
9026	1600678461.694	8.7	0.0	0.0
9026	1600678462.195	8.2	0.0	0.0
9026	1600678462.695	7.7	0.0	0.0
9026	1600678463.194	7.3	0.0	0.0
9026	1600678463.695	7.1	0.0	0.0
9026	1600678464.195	7.0	0.0	0.0
9026	1600678464.695	6.9	0.0	0.0
9026	1600678465.194	6.8	0.0	0.0
9026	1600678465.694	6.7	0.0	0.0
9026	1600678466.195	6.6	0.0	0.0
9026	1600678466.695	6.4	0.0	0.0
9026	1600678467.194	6.0	0.0	0.0
9026	1600678467.695	5.4	0.0	0.0
9026	1600678468.194	4.6	0.0	0.0
9026	1600678468.694	3.8	0.0	0.0
9026	1600678469.194	3.1	0.0	0.0
9026	1600678469.695	2.4	0.0	0.0
9026	1600678470.194	1.7	0.0	0.0
9026	1600678470.694	1.1	0.0	0.0
9026	1600678471.194	0.7	0.0	0.0
9026	1600678471.694	0.8	0.0	0.0
9026	1600678472.194	0.5	0.0	0.0
9026	1600678472.694	0.1	0.0	0.0
9026	1600678473.194	-0.2	0.0	0.0
9026	1600678473.694	-0.1	0.0	0.0
9026	1600678474.195	0.0	0.0	0.0
9026	1600678474.695	0.0	0.0	0.0
9026	1600678475.194	0.0	0.0	0.0
9026	1600678475.694	0.0	0.0	0.0
9026	1600678476.194	0.0	0.0	0.0
9026	1600678476.694	0.0	0.0	0.0
9026	1600678477.194	0.0	0.0	0.0
9026	1600678477.693	0.0	0.0	0.0
9026	1600678478.193	0.0	0.0	0.0
9026	1600678478.694	0.0	0.0	0.0
9026	1600678479.194	0.1	0.0	0.0
9026	1600678479.695	0.4	0.0	0.0
9026	1600678480.195	0.9	0.0	0.0
9026	1600678480.694	1.2	0.0	0.0
9026	1600678481.194	1.4	0.0	0.0
9026	1600678481.694	1.5	0.0	0.0
9026	1600678482.194	1.5	0.0	0.0
9026	1600678482.694	1.5	0.0	0.0
9026	1600678483.194	1.4	0.0	0.0
9026	1600678483.694	1.0	0.0	0.0
9026	1600678484.194	0.7	0.0	0.0
9026	1600678484.594	0.5	0.0	0.0
9026	1600678485.193	0.2	0.0	0.0
9026	1600678485.593	0.1	0.0	0.0
9026	1600678486.094	-0.0	0.0	0.0
9026	1600678486.595	-0.0	0.0	0.0
9026	1600678487.093	0.0	0.0	0.0
9026	1600678487.594	0.0	0.0	0.0
9026	1600678488.094	0.0	0.0	0.0
9026	1600678488.593	0.0	0.0	0.0
9026	1600678489.093	0.0	0.0	0.0
9026	1600678489.593	0.0	0.0	0.0
9026	1600678490.195	0.0	0.0	0.0
9026	1600678490.494	0.0	0.0	0.0
9026	1600678491.293	0.0	0.0	0.0
9026	1600678491.794	0.0	0.0	0.0
9026	1600678492.293	0.0	0.0	0.0
9026	1600678492.794	0.0	0.0	0.0
9026	1600678493.293	0.0	0.0	0.0
9026	1600678493.793	0.0	0.0	0.0
9026	1600678494.294	0.0	0.0	0.0
9026	1600678494.794	0.0	0.0	0.0
9026	1600678495.293	0.0	0.0	0.0
9026	1600678495.793	0.0	0.0	0.0
9026	1600678496.293	0.0	0.0	0.0
9026	1600678496.793	0.0	0.0	0.0
9026	1600678497.294	0.0	0.0	0.0
9026	1600678497.793	0.0	0.0	0.0
9026	1600678498.292	0.0	0.0	0.0
9026	1600678498.793	0.0	0.0	0.0
9026	1600678499.293	0.0	0.0	0.0
9026	1600678499.793	0.0	0.0	0.0
9026	1600678500.293	0.0	0.0	0.0
9026	1600678500.793	0.0	0.0	0.0
9026	1600678501.293	0.0	0.0	0.0
9026	1600678501.792	0.0	0.0	0.0
9026	1600678502.293	0.0	0.0	0.0
9026	1600678502.793	-0.0	0.0	0.0
9026	1600678503.292	0.0	0.0	0.0
9026	1600678503.793	0.0	0.0	0.0
9026	1600678504.293	0.0	0.0	0.0
9026	1600678504.793	0.0	0.0	0.0
9026	1600678505.293	0.0	0.0	0.0
9026	1600678505.793	0.0	0.0	0.0
9026	1600678506.292	0.0	0.0	0.0
9026	1600678506.792	0.0	0.0	0.0
9026	1600678507.293	0.0	0.0	0.0
9026	1600678507.795	0.0	0.0	0.0
9026	1600678508.293	0.0	0.0	0.0
9026	1600678508.792	-0.0	0.0	0.0
9026	1600678509.293	0.0	0.0	0.0
9026	1600678509.793	-0.0	0.0	0.0
9026	1600678510.292	0.0	0.0	0.0
9026	1600678510.392	0.0	0.0	0.0
9026	1600678513.792	0.0	0.0	0.0
9026	1600678514.292	0.0	0.0	0.0
9026	1600678514.792	0.0	0.0	0.0
9026	1600678515.292	0.0	0.0	0.0
9026	1600678515.792	0.0	0.0	0.0
9026	1600678516.293	0.0	0.0	0.0
9026	1600678516.792	0.0	0.0	0.0
9026	1600678517.292	0.0	0.0	0.0
9026	1600678517.792	0.0	0.0	0.0
9026	1600678518.292	0.0	0.0	0.0
9026	1600678518.792	0.0	0.0	0.0
9026	1600678519.293	-0.0	0.0	0.0
9026	1600678519.792	0.0	0.0	0.0
9026	1600678520.292	0.0	0.0	0.0
9026	1600678520.792	0.0	0.0	0.0
9026	1600678521.293	0.0	0.0	0.0
9026	1600678521.792	0.1	0.0	0.0
9026	1600678522.292	0.4	0.0	0.0
9026	1600678522.792	1.0	0.0	0.0
9026	1600678523.293	1.7	0.0	0.0
9026	1600678523.792	2.1	0.0	0.0
9026	1600678524.292	2.3	0.0	0.0
9026	1600678524.792	2.3	0.0	0.0
9026	1600678525.293	2.3	0.0	0.0
9026	1600678525.792	2.4	0.0	0.0
9026	1600678526.292	3.0	0.0	0.0
9026	1600678526.792	3.5	0.0	0.0
9026	1600678527.292	3.9	0.0	0.0
9026	1600678527.792	4.2	0.0	0.0
9026	1600678528.292	4.5	0.0	0.0
9026	1600678528.792	4.7	0.0	0.0
9026	1600678529.292	5.0	0.0	0.0
9026	1600678529.792	5.2	0.0	0.0
9026	1600678530.292	5.2	0.0	0.0
9026	1600678530.792	4.5	0.0	0.0
9026	1600678531.292	3.8	0.0	0.0
9026	1600678531.792	3.6	0.0	0.0
9026	1600678532.292	3.7	0.0	0.0
9026	1600678532.791	4.2	0.0	0.0
9026	1600678533.292	4.4	0.0	0.0
9026	1600678533.792	4.4	0.0	0.0
9026	1600678534.292	4.3	0.0	0.0
9026	1600678534.791	4.3	0.0	0.0
9026	1600678535.292	4.3	0.0	0.0
9026	1600678535.791	4.4	0.0	0.0
9026	1600678536.292	4.7	0.0	0.0
9026	1600678536.792	5.1	0.0	0.0
9026	1600678537.292	5.5	0.0	0.0
9026	1600678537.791	5.9	0.0	0.0
9026	1600678538.292	6.2	0.0	0.0
9026	1600678538.791	6.5	0.0	0.0
9026	1600678539.292	6.7	0.0	0.0
9026	1600678539.791	6.9	0.0	0.0
9026	1600678540.291	6.9	0.0	0.0
9026	1600678540.791	6.9	0.0	0.0
9026	1600678541.291	6.8	0.0	0.0
9026	1600678541.791	7.1	0.0	0.0
9026	1600678542.292	7.4	0.0	0.0
9026	1600678542.791	7.5	0.0	0.0
9026	1600678543.292	7.2	0.0	0.0
9026	1600678543.791	6.6	0.0	0.0
9026	1600678544.292	6.1	0.0	0.0
9026	1600678544.791	5.8	0.0	0.0
9026	1600678545.291	5.9	0.0	0.0
9026	1600678545.791	5.8	0.0	0.0
9026	1600678546.291	5.9	0.0	0.0
9026	1600678546.791	6.0	0.0	0.0
9026	1600678547.291	6.1	0.0	0.0
9026	1600678547.792	6.3	0.0	0.0
9026	1600678548.292	6.6	0.0	0.0
9026	1600678548.791	6.9	0.0	0.0
9026	1600678548.891	7.0	0.0	0.0
9026	1600678553.191	8.7	0.0	0.0
9026	1600678553.692	9.1	0.0	0.0
9026	1600678554.191	9.3	0.0	0.0
9026	1600678554.691	9.5	0.0	0.0
9027	1600678555.191	9.7	0.0	0.0
9027	1600678555.691	9.8	0.0	0.0
9027	1600678556.190	9.7	0.0	0.0
9027	1600678556.691	9.5	0.0	0.0
9027	1600678557.191	9.3	0.0	0.0
9027	1600678557.691	8.9	0.0	0.0
9027	1600678558.191	8.3	0.0	0.0
9027	1600678558.691	7.9	0.0	0.0
9027	1600678559.192	7.7	0.0	0.0
9027	1600678559.691	7.5	0.0	0.0
9027	1600678560.190	7.4	0.0	0.0
9027	1600678560.691	7.4	0.0	0.0
9027	1600678561.191	7.4	0.0	0.0
9027	1600678561.691	7.6	0.0	0.0
9027	1600678562.191	7.9	0.0	0.0
9027	1600678562.690	8.4	0.0	0.0
9027	1600678563.191	8.8	0.0	0.0
9027	1600678563.691	9.0	0.0	0.0
9027	1600678564.191	9.0	0.0	0.0
9027	1600678564.691	8.8	0.0	0.0
9027	1600678565.191	8.6	0.0	0.0
9027	1600678565.691	8.5	0.0	0.0
9027	1600678566.191	8.8	0.0	0.0
9027	1600678566.690	9.0	0.0	0.0
9027	1600678567.191	8.7	0.0	0.0
9027	1600678567.690	8.0	0.0	0.0
9027	1600678568.191	7.5	0.0	0.0
9027	1600678568.690	7.3	0.0	0.0
9027	1600678569.192	7.4	0.0	0.0
9027	1600678569.691	7.7	0.0	0.0
9027	1600678570.190	8.0	0.0	0.0
9027	1600678570.691	8.4	0.0	0.0
9027	1600678571.190	9.1	0.0	0.0
9027	1600678571.690	9.8	0.0	0.0
9027	1600678572.191	10.6	0.0	0.0
9027	1600678572.690	11.3	0.0	0.0
9027	1600678573.190	11.8	0.0	0.0
9027	1600678573.690	12.4	0.0	0.0
9027	1600678574.190	12.7	0.0	0.0
9027	1600678574.690	12.8	0.0	0.0
9027	1600678575.190	12.7	0.0	0.0
9027	1600678575.690	12.6	0.0	0.0
9027	1600678576.191	12.6	0.0	0.0
9027	1600678576.690	12.9	0.0	0.0
9027	1600678577.191	13.3	0.0	0.0
9027	1600678577.691	13.7	0.0	0.0
9027	1600678578.190	13.8	0.0	0.0
9027	1600678578.691	13.9	0.0	0.0
9027	1600678579.190	14.2	0.0	0.0
9027	1600678579.690	14.6	0.0	0.0
9027	1600678580.192	14.6	0.0	0.0
9027	1600678580.690	14.5	0.0	0.0
9027	1600678581.190	14.1	0.0	0.0
9027	1600678581.690	13.7	0.0	0.0
9027	1600678582.190	13.3	0.0	0.0
9027	1600678582.690	13.0	0.0	0.0
9027	1600678583.190	12.8	0.0	0.0
9027	1600678583.691	12.6	0.0	0.0
9027	1600678584.190	12.4	0.0	0.0
9027	1600678584.690	12.2	0.0	0.0
9027	1600678585.190	12.1	0.0	0.0
9027	1600678585.690	12.0	0.0	0.0
9027	1600678586.189	12.0	0.0	0.0
9027	1600678586.689	11.8	0.0	0.0
9027	1600678587.190	11.7	0.0	0.0
9027	1600678587.690	11.6	0.0	0.0
9027	1600678588.190	11.6	0.0	0.0
9027	1600678588.690	11.8	0.0	0.0
9027	1600678589.190	12.2	0.0	0.0
9027	1600678589.689	12.5	0.0	0.0
9027	1600678590.189	12.7	0.0	0.0
9027	1600678590.491	12.7	0.0	0.0
9027	1600678593.290	12.8	0.0	0.0
9027	1600678593.790	12.9	0.0	0.0
9027	1600678594.290	12.9	0.0	0.0
9027	1600678594.789	12.9	0.0	0.0
9027	1600678595.290	12.9	0.0	0.0
9027	1600678595.789	13.0	0.0	0.0
9027	1600678596.289	13.1	0.0	0.0
9027	1600678596.791	13.2	0.0	0.0
9027	1600678597.289	13.2	0.0	0.0
9027	1600678597.790	13.2	0.0	0.0
9027	1600678598.289	13.1	0.0	0.0
9027	1600678598.789	12.8	0.0	0.0
9027	1600678599.289	12.4	0.0	0.0
9027	1600678599.789	12.1	0.0	0.0
9027	1600678600.289	12.0	0.0	0.0
9027	1600678600.790	11.8	0.0	0.0
9027	1600678601.289	11.7	0.0	0.0
9027	1600678601.789	11.7	0.0	0.0
9027	1600678602.290	11.8	0.0	0.0
9027	1600678602.789	11.9	0.0	0.0
9027	1600678603.289	12.0	0.0	0.0
9027	1600678603.790	12.1	0.0	0.0
9027	1600678604.289	12.3	0.0	0.0
9027	1600678604.789	12.4	0.0	0.0
9027	1600678605.289	12.5	0.0	0.0
9027	1600678605.789	12.6	0.0	0.0
9027	1600678606.290	12.7	0.0	0.0
9027	1600678606.789	12.7	0.0	0.0
9027	1600678607.289	12.7	0.0	0.0
9027	1600678607.789	12.7	0.0	0.0
9027	1600678608.288	12.7	0.0	0.0
9027	1600678608.789	12.7	0.0	0.0
9027	1600678609.289	12.7	0.0	0.0
9027	1600678609.789	12.7	0.0	0.0
9027	1600678610.289	12.6	0.0	0.0
9027	1600678610.789	12.1	0.0	0.0
9027	1600678611.289	11.5	0.0	0.0
9027	1600678611.789	10.9	0.0	0.0
9027	1600678612.289	10.6	0.0	0.0
9027	1600678612.788	10.4	0.0	0.0
9027	1600678613.288	10.3	0.0	0.0
9027	1600678613.789	10.2	0.0	0.0
9027	1600678614.289	10.0	0.0	0.0
9027	1600678614.789	9.9	0.0	0.0
9027	1600678615.289	9.8	0.0	0.0
9027	1600678615.788	9.7	0.0	0.0
9027	1600678616.288	9.6	0.0	0.0
9027	1600678616.789	9.5	0.0	0.0
9027	1600678617.288	9.3	0.0	0.0
9027	1600678617.788	9.0	0.0	0.0
9027	1600678618.288	8.7	0.0	0.0
9027	1600678618.789	8.4	0.0	0.0
9027	1600678619.288	8.2	0.0	0.0
9027	1600678619.788	8.1	0.0	0.0
9027	1600678620.289	7.9	0.0	0.0
9027	1600678620.788	7.5	0.0	0.0
9027	1600678621.288	6.7	0.0	0.0
9027	1600678621.788	5.8	0.0	0.0
9027	1600678622.289	5.0	0.0	0.0
9027	1600678622.788	4.5	0.0	0.0
9027	1600678622.888	4.5	0.0	0.0
9027	1600678683.286	11.6	0.0	0.0
9027	1600678683.786	12.0	0.0	0.0
9027	1600678684.286	12.5	0.0	0.0
9027	1600678684.786	13.0	0.0	0.0
9027	1600678684.986	13.2	0.0	0.0
27014	1600678689.186	14.4	0.0	0.0
27014	1600678689.686	14.4	0.0	0.0
27014	1600678690.186	14.4	0.0	0.0
27014	1600678690.686	14.5	0.0	0.0
27014	1600678691.186	14.6	0.0	0.0
27014	1600678691.686	14.7	0.0	0.0
27014	1600678692.186	14.8	0.0	0.0
27014	1600678692.686	15.0	0.0	0.0
27014	1600678693.186	15.2	0.0	0.0
27014	1600678693.686	15.4	0.0	0.0
27014	1600678694.186	15.4	0.0	0.0
27014	1600678694.686	15.5	0.0	0.0
27014	1600678695.186	15.7	0.0	0.0
27014	1600678695.686	15.9	0.0	0.0
27014	1600678696.186	16.1	0.0	0.0
27014	1600678696.687	16.2	0.0	0.0
27014	1600678697.185	16.3	0.0	0.0
27014	1600678697.686	16.3	0.0	0.0
27014	1600678698.186	16.4	0.0	0.0
27014	1600678698.685	16.5	0.0	0.0
27014	1600678699.186	16.6	0.0	0.0
27014	1600678699.686	16.6	0.0	0.0
27014	1600678700.185	16.7	0.0	0.0
27014	1600678700.685	16.8	0.0	0.0
27014	1600678701.186	16.9	0.0	0.0
27014	1600678701.687	16.8	0.0	0.0
27014	1600678702.186	16.7	0.0	0.0
27014	1600678702.686	16.6	0.0	0.0
27014	1600678703.186	16.6	0.0	0.0
27014	1600678703.686	16.6	0.0	0.0
27014	1600678704.186	16.8	0.0	0.0
27014	1600678704.686	17.0	0.0	0.0
27014	1600678705.185	17.2	0.0	0.0
27014	1600678705.685	17.2	0.0	0.0
27014	1600678706.185	17.2	0.0	0.0
27014	1600678706.685	17.2	0.0	0.0
27014	1600678707.185	17.0	0.0	0.0
27014	1600678707.685	16.9	0.0	0.0
27014	1600678708.186	16.7	0.0	0.0
27014	1600678708.685	16.6	0.0	0.0
27014	1600678709.186	16.7	0.0	0.0
27014	1600678709.685	16.6	0.0	0.0
27014	1600678710.185	16.6	0.0	0.0
27014	1600678710.686	16.5	0.0	0.0
27014	1600678711.185	16.3	0.0	0.0
27014	1600678711.286	16.3	0.0	0.0
27014	1600678714.285	14.6	0.0	0.0
27014	1600678714.785	14.3	0.0	0.0
27014	1600678715.286	14.1	0.0	0.0
27014	1600678715.785	13.9	0.0	0.0
27014	1600678716.285	13.7	0.0	0.0
27014	1600678716.784	13.6	0.0	0.0
27014	1600678717.285	13.5	0.0	0.0
27014	1600678717.785	13.4	0.0	0.0
27014	1600678718.285	13.3	0.0	0.0
27014	1600678718.785	13.0	0.0	0.0
27014	1600678719.284	12.8	0.0	0.0
27014	1600678719.785	12.6	0.0	0.0
27014	1600678720.285	12.4	0.0	0.0
27014	1600678720.785	12.2	0.0	0.0
27014	1600678721.285	12.0	0.0	0.0
27014	1600678721.784	11.9	0.0	0.0
27014	1600678722.285	11.7	0.0	0.0
27014	1600678722.785	11.5	0.0	0.0
27014	1600678723.285	11.2	0.0	0.0
27014	1600678723.784	10.8	0.0	0.0
27014	1600678724.285	10.5	0.0	0.0
27014	1600678724.785	10.3	0.0	0.0
27014	1600678725.285	10.1	0.0	0.0
27014	1600678725.785	9.8	0.0	0.0
27014	1600678726.285	9.5	0.0	0.0
27014	1600678726.785	8.9	0.0	0.0
27014	1600678727.285	8.3	0.0	0.0
27014	1600678727.785	7.7	0.0	0.0
27014	1600678728.284	7.1	0.0	0.0
27014	1600678728.784	6.7	0.0	0.0
27014	1600678729.285	6.4	0.0	0.0
27014	1600678729.784	6.2	0.0	0.0
27014	1600678730.284	6.0	0.0	0.0
27014	1600678730.784	5.8	0.0	0.0
27014	1600678731.284	5.4	0.0	0.0
27014	1600678731.784	5.0	0.0	0.0
27014	1600678732.285	4.6	0.0	0.0
27014	1600678732.784	4.2	0.0	0.0
27014	1600678733.285	3.9	0.0	0.0
27014	1600678733.784	3.6	0.0	0.0
27014	1600678733.984	3.4	0.0	0.0
27014	1600678737.184	-0.0	0.0	0.0
27014	1600678737.684	-0.1	0.0	0.0
27014	1600678738.184	-0.0	0.0	0.0
27014	1600678738.684	0.0	0.0	0.0
27014	1600678739.185	-0.0	0.0	0.0
27014	1600678739.684	0.0	0.0	0.0
27014	1600678740.184	0.1	0.0	0.0
27014	1600678740.684	0.8	0.0	0.0
27014	1600678741.184	2.0	0.0	0.0
27014	1600678741.684	3.3	0.0	0.0
27014	1600678742.184	4.1	0.0	0.0
27014	1600678742.685	4.5	0.0	0.0
27014	1600678743.184	4.6	0.0	0.0
27014	1600678743.684	4.9	0.0	0.0
27014	1600678744.184	5.3	0.0	0.0
27014	1600678744.684	5.7	0.0	0.0
27014	1600678745.184	6.1	0.0	0.0
27014	1600678745.684	6.3	0.0	0.0
27014	1600678746.184	6.5	0.0	0.0
27014	1600678746.685	6.6	0.0	0.0
27014	1600678747.184	6.8	0.0	0.0
27014	1600678747.684	7.0	0.0	0.0
27014	1600678748.184	7.2	0.0	0.0
27014	1600678748.684	7.4	0.0	0.0
27014	1600678749.185	7.7	0.0	0.0
27014	1600678749.684	8.0	0.0	0.0
27014	1600678750.184	8.3	0.0	0.0
27014	1600678750.684	8.5	0.0	0.0
27014	1600678751.183	8.6	0.0	0.0
27014	1600678751.683	8.8	0.0	0.0
27014	1600678752.184	8.9	0.0	0.0
27014	1600678752.684	9.1	0.0	0.0
27014	1600678753.184	9.3	0.0	0.0
27014	1600678753.683	9.5	0.0	0.0
27014	1600678754.183	9.8	0.0	0.0
27014	1600678754.683	10.1	0.0	0.0
27014	1600678755.184	10.4	0.0	0.0
27014	1600678755.684	10.7	0.0	0.0
27014	1600678756.184	11.0	0.0	0.0
27014	1600678756.684	11.3	0.0	0.0
27014	1600678756.784	11.3	0.0	0.0
27014	1600679099.170	16.4	0.0	0.0
27014	1600679099.671	16.7	0.0	0.0
27014	1600679100.171	16.9	0.0	0.0
27014	1600679100.670	16.8	0.0	0.0
27014	1600679101.170	16.6	0.0	0.0
27014	1600679101.671	16.5	0.0	0.0
27014	1600679102.170	16.3	0.0	0.0
27014	1600679102.670	16.3	0.0	0.0
27014	1600679103.170	16.2	0.0	0.0
27014	1600679103.670	15.9	0.0	0.0
27014	1600679104.170	15.5	0.0	0.0
27014	1600679104.671	15.1	0.0	0.0
27014	1600679105.171	14.9	0.0	0.0
27014	1600679105.669	14.7	0.0	0.0
27014	1600679106.172	14.6	0.0	0.0
27014	1600679106.670	14.4	0.0	0.0
27014	1600679107.170	14.2	0.0	0.0
27014	1600679107.670	14.0	0.0	0.0
27014	1600679108.171	14.0	0.0	0.0
27014	1600679108.670	14.0	0.0	0.0
27014	1600679109.170	14.1	0.0	0.0
27014	1600679109.671	14.1	0.0	0.0
27014	1600679110.170	14.0	0.0	0.0
27014	1600679110.670	13.7	0.0	0.0
27014	1600679111.169	13.2	0.0	0.0
27014	1600679111.670	12.7	0.0	0.0
27014	1600679112.170	12.3	0.0	0.0
27014	1600679112.770	11.9	0.0	0.0
27014	1600679113.270	11.6	0.0	0.0
27014	1600679113.770	11.3	0.0	0.0
27014	1600679114.270	11.1	0.0	0.0
27014	1600679114.770	10.9	0.0	0.0
27014	1600679115.270	10.7	0.0	0.0
27014	1600679115.770	10.5	0.0	0.0
27014	1600679116.270	10.6	0.0	0.0
27014	1600679116.770	10.6	0.0	0.0
27014	1600679117.270	10.6	0.0	0.0
27014	1600679117.770	10.6	0.0	0.0
27014	1600679118.270	10.6	0.0	0.0
27014	1600679118.770	10.7	0.0	0.0
27014	1600679119.270	10.6	0.0	0.0
27014	1600679119.770	10.6	0.0	0.0
27014	1600679120.270	10.4	0.0	0.0
27014	1600679120.769	10.3	0.0	0.0
27014	1600679121.269	10.2	0.0	0.0
27014	1600679121.769	10.1	0.0	0.0
27014	1600679125.170	9.9	0.0	0.0
27014	1600679125.670	9.9	0.0	0.0
27014	1600679126.169	9.9	0.0	0.0
27014	1600679126.669	9.8	0.0	0.0
27014	1600679127.169	9.7	0.0	0.0
27014	1600679127.669	9.4	0.0	0.0
27014	1600679128.169	9.0	0.0	0.0
27014	1600679128.670	8.4	0.0	0.0
27014	1600679129.170	7.9	0.0	0.0
27014	1600679129.670	7.6	0.0	0.0
27014	1600679130.169	7.4	0.0	0.0
27014	1600679130.669	7.2	0.0	0.0
27014	1600679131.170	6.9	0.0	0.0
27014	1600679131.669	6.4	0.0	0.0
27014	1600679132.170	6.1	0.0	0.0
27014	1600679132.670	5.8	0.0	0.0
27014	1600679133.169	5.6	0.0	0.0
27014	1600679133.669	5.3	0.0	0.0
27014	1600679134.170	5.0	0.0	0.0
27014	1600679134.669	4.6	0.0	0.0
27014	1600679135.169	4.3	0.0	0.0
27014	1600679135.669	4.1	0.0	0.0
27014	1600679136.170	3.9	0.0	0.0
27014	1600679136.669	3.7	0.0	0.0
27014	1600679137.169	3.5	0.0	0.0
27014	1600679137.669	3.1	0.0	0.0
27014	1600679138.169	2.5	0.0	0.0
27014	1600679138.670	1.8	0.0	0.0
27014	1600679139.169	1.2	0.0	0.0
27014	1600679139.669	0.5	0.0	0.0
27014	1600679140.169	-0.0	0.0	0.0
27014	1600679140.669	-0.1	0.0	0.0
27014	1600679141.169	-0.0	0.0	0.0
27014	1600679141.669	-0.0	0.0	0.0
27014	1600679142.169	-0.0	0.0	0.0
27014	1600679142.669	-0.0	0.0	0.0
27014	1600679142.869	-0.0	0.0	0.0
27014	1600679146.768	-0.0	0.0	0.0
27014	1600679147.268	-0.0	0.0	0.0
27014	1600679147.769	0.0	0.0	0.0
27014	1600679148.268	-0.0	0.0	0.0
27014	1600679148.769	-0.0	0.0	0.0
27014	1600679149.269	-0.0	0.0	0.0
27014	1600679149.769	-0.0	0.0	0.0
27014	1600679150.268	-0.0	0.0	0.0
27014	1600679150.769	0.0	0.0	0.0
27014	1600679151.268	-0.0	0.0	0.0
27014	1600679151.769	-0.0	0.0	0.0
27014	1600679152.269	0.0	0.0	0.0
27014	1600679152.770	-0.0	0.0	0.0
27014	1600679153.268	-0.0	0.0	0.0
27014	1600679153.769	0.0	0.0	0.0
27014	1600679154.268	-0.0	0.0	0.0
27014	1600679154.768	-0.0	0.0	0.0
27014	1600679155.268	-0.0	0.0	0.0
27014	1600679155.768	-0.0	0.0	0.0
27014	1600679156.268	0.0	0.0	0.0
27014	1600679156.768	-0.0	0.0	0.0
27014	1600679157.269	0.0	0.0	0.0
27014	1600679157.769	0.0	0.0	0.0
27014	1600679158.268	-0.0	0.0	0.0
27014	1600679158.769	0.0	0.0	0.0
27014	1600679159.268	-0.0	0.0	0.0
27014	1600679159.768	-0.0	0.0	0.0
27014	1600679160.268	0.0	0.0	0.0
27014	1600679160.768	-0.0	0.0	0.0
27014	1600679161.268	-0.0	0.0	0.0
27014	1600679161.767	0.0	0.0	0.0
27014	1600679162.268	0.0	0.0	0.0
27014	1600679162.768	-0.0	0.0	0.0
27014	1600679163.269	0.0	0.0	0.0
27014	1600679163.768	-0.0	0.0	0.0
27014	1600679164.269	-0.0	0.0	0.0
27014	1600679164.769	-0.0	0.0	0.0
27014	1600679165.268	-0.0	0.0	0.0
27014	1600679165.768	-0.0	0.0	0.0
27014	1600679166.268	-0.0	0.0	0.0
27014	1600679166.768	-0.0	0.0	0.0
27014	1600679167.268	-0.0	0.0	0.0
27014	1600679167.768	-0.0	0.0	0.0
27014	1600679168.268	-0.0	0.0	0.0
27014	1600679168.768	0.0	0.0	0.0
27014	1600679169.268	0.0	0.0	0.0
27014	1600679169.768	-0.0	0.0	0.0
27014	1600679170.268	-0.0	0.0	0.0
27014	1600679170.768	-0.0	0.0	0.0
27014	1600679171.168	-0.0	0.0	0.0
27014	1600679174.169	-0.0	0.0	0.0
27014	1600679174.668	-0.0	0.0	0.0
27014	1600679175.168	0.0	0.0	0.0
27014	1600679175.668	-0.0	0.0	0.0
27014	1600679176.168	-0.0	0.0	0.0
27014	1600679176.668	-0.0	0.0	0.0
27014	1600679177.167	-0.0	0.0	0.0
27014	1600679177.668	-0.0	0.0	0.0
27014	1600679178.168	-0.0	0.0	0.0
27014	1600679178.668	0.0	0.0	0.0
27014	1600679179.168	0.0	0.0	0.0
27014	1600679179.667	0.0	0.0	0.0
27014	1600679180.168	0.0	0.0	0.0
27014	1600679180.667	-0.0	0.0	0.0
27014	1600679181.167	-0.0	0.0	0.0
27014	1600679181.668	-0.0	0.0	0.0
27014	1600679182.168	-0.0	0.0	0.0
27014	1600679182.667	-0.0	0.0	0.0
27014	1600679183.168	-0.0	0.0	0.0
27014	1600679183.667	0.0	0.0	0.0
27014	1600679184.168	-0.0	0.0	0.0
27014	1600679184.668	-0.0	0.0	0.0
27014	1600679185.167	-0.0	0.0	0.0
